[miniDiSC java tool version 2 output file]
[Data recorded with miniDiSC SN101607 running firmware 3,42]
[File start date: 2021.09.27]
[File start time: 07:03:29]

Time	Number	Size	LDSA	Filter	Diff	
4,5	5605	36,4	10,99	7,65	5,42
14,5	4759	41,2	10,7	7,91	4,82
24,5	5236	37,7	10,69	7,58	5,13
34,5	5319	36,6	10,5	7,34	5,16
44,5	5228	36,9	10,4	7,29	5,08
54,5	5047	37	10,08	7,08	4,91
64,5	4774	37,7	9,75	6,92	4,68
74,5	4803	37,6	9,77	6,92	4,7
84,5	4311	39,9	9,38	6,84	4,32
94,5	5717	35,4	10,88	7,47	5,47
104,5	5781	34,3	10,64	7,19	5,46
114,5	6111	32,6	10,6	6,96	5,65
124,5	6121	32,4	10,55	6,91	5,64
134,5	6776	30,6	10,95	6,94	6,09
144,5	6206	31,9	10,52	6,83	5,69
154,5	6390	31,6	10,73	6,94	5,83
164,5	6832	31,1	11,28	7,22	6,19
174,5	6812	31,4	11,34	7,3	6,2
184,5	6755	31,4	11,26	7,25	6,15
194,5	6496	32	11,05	7,19	5,96
204,5	4353	34,6	8,07	5,48	4,13
214,5	3635	33,5	6,51	4,35	3,4
224,5	4810	30,3	7,69	4,84	4,3
234,5	4237	34	7,72	5,19	3,99
244,5	3521	34,2	6,44	4,34	3,32
254,5	3678	33,4	6,56	4,37	3,44
264,5	3740	34	6,81	4,58	3,52
274,5	3516	33,7	6,33	4,24	3,3
284,5	3309	33,7	5,97	4	3,11
294,5	3543	33,9	6,44	4,33	3,33
304,5	2975	34,6	5,52	3,75	2,82
314,5	3565	33	6,27	4,15	3,31
324,5	3231	34,7	6,02	4,09	3,07
334,5	3400	34,1	6,2	4,17	3,2
344,5	3179	33,6	5,71	3,82	2,98
354,5	3668	34	6,67	4,49	3,45
364,5	3753	33,1	6,64	4,4	3,5
374,5	6022	31,6	10,1	6,52	5,49
384,5	6865	31,1	11,31	7,23	6,22
394,5	7042	31	11,59	7,41	6,38
404,5	5243	34,2	9,61	6,48	4,95
414,5	5720	32	9,74	6,34	5,25
424,5	5870	32,2	10,05	6,56	5,4
434,5	6883	30,7	11,2	7,12	6,2
444,5	7649	30,9	12,51	7,98	6,91
454,5	7880	32,4	13,59	8,9	7,27
464,5	8105	31,7	13,65	8,84	7,41
474,5	8450	31,1	13,91	8,9	7,65
484,5	8550	30,5	13,8	8,73	7,68
494,5	7849	31,4	13,09	8,42	7,14
504,5	7917	30,5	12,76	8,07	7,11
514,5	2930	42,9	6,9	5,2	3,01
524,5	2570	44,4	6,29	4,81	2,67
534,5	2856	42,2	6,61	4,94	2,92
544,5	3357	39,2	7,16	5,17	3,34
554,5	3947	36,7	7,82	5,47	3,83
564,5	3969	38,1	8,18	5,83	3,91
574,5	3316	40,7	7,37	5,42	3,35
584,5	3442	38,9	7,27	5,24	3,42
594,5	3462	39,2	7,38	5,34	3,45
604,5	3217	39,8	6,97	5,07	3,22
614,5	3734	37,7	7,62	5,41	3,66
624,5	3692	38,5	7,7	5,52	3,65
634,5	3690	37,8	7,55	5,36	3,62
644,5	3537	38,5	7,38	5,29	3,5
654,5	3368	39,3	7,2	5,21	3,36
664,5	3272	40,3	7,19	5,27	3,29
674,5	5083	48,7	13,79	10,94	5,46
684,5	4861	52	14,18	11,53	5,34
694,5	5081	51,5	14,66	11,88	5,56
704,5	5467	53,7	16,52	13,59	6,06
714,5	5217	54,5	16,04	13,26	5,82
724,5	5001	54,8	15,46	12,8	5,59
734,5	5162	53,6	15,57	12,79	5,72
744,5	4949	55,1	15,4	12,78	5,54
754,5	4496	54,4	13,8	11,4	5,01
764,5	4366	52	12,74	10,37	4,79
774,5	4297	50,6	12,16	9,79	4,67
784,5	4148	52,2	12,15	9,89	4,56
794,5	4370	50,7	12,39	9,98	4,75
804,5	3951	52,9	11,75	9,62	4,36
814,5	2509	46,1	6,4	4,97	2,65
824,5	2380	46	6,07	4,71	2,51
834,5	2220	48,2	5,95	4,71	2,38
844,5	2571	43,7	6,19	4,7	2,66
854,5	2330	47,2	6,1	4,78	2,48
864,5	2299	48,6	6,22	4,94	2,47
874,5	2480	47,9	6,6	5,21	2,65
884,5	2664	48	7,12	5,62	2,85
894,5	2493	52,1	7,29	5,93	2,74
904,5	3613	50,4	10,17	8,17	3,92
914,5	4916	54,5	15,09	12,47	5,48
924,5	4634	57,7	15,17	12,77	5,27
934,5	4673	57,4	15,2	12,78	5,3
944,5	4742	56,9	15,3	12,83	5,37
954,5	4933	55,1	15,35	12,74	5,52
964,5	4630	57,4	15,06	12,65	5,25
974,5	4620	57,7	15,11	12,72	5,25
984,5	5134	56,7	16,47	13,79	5,8
994,5	4974	57,3	16,15	13,56	5,64
1004,5	4962	56,3	15,8	13,2	5,59
1014,5	4644	58	15,29	12,89	5,29
1024,5	4523	58,2	14,95	12,63	5,16
1034,5	4745	55,4	14,86	12,35	5,32
1044,5	4643	56,1	14,74	12,3	5,23
1054,5	4671	56,5	14,93	12,48	5,27
1064,5	4662	57	15,06	12,64	5,28
1074,5	4719	56,3	15,04	12,57	5,32
1084,5	4679	56,4	14,94	12,49	5,28
1094,5	4864	55,2	15,15	12,58	5,45
1104,5	4908	57,9	16,12	13,59	5,58
1114,5	5038	56,3	16,03	13,39	5,68
1124,5	3899	59,1	13,1	11,12	4,47
1134,5	2869	53,5	8,63	7,09	3,18
1144,5	2924	51,3	8,4	6,8	3,2
1154,5	2864	52,6	8,46	6,91	3,16
1164,5	2994	52,4	8,8	7,18	3,29
1174,5	2848	54,1	8,68	7,16	3,17
1184,5	2792	54,4	8,57	7,08	3,11
1194,5	2672	56	8,46	7,06	3,01
1204,5	3946	50,8	11,2	9,03	4,3
1214,5	4428	51,7	12,82	10,4	4,85
1224,5	4391	52,8	13,03	10,65	4,84
1234,5	4430	51,5	12,77	10,35	4,84
1244,5	4534	50,8	12,9	10,4	4,94
1254,5	4467	50,8	12,69	10,23	4,86
1264,5	4193	53,5	12,62	10,37	4,65
1274,5	4402	51,8	12,79	10,39	4,83
1284,5	4443	51,9	12,93	10,5	4,87
1294,5	4611	51,4	13,29	10,76	5,04
1304,5	4761	50,2	13,34	10,7	5,16
1314,5	4350	52,1	12,72	10,35	4,78
1324,5	2850	61	9,92	8,5	3,3
1334,5	2644	61,7	9,32	8,01	3,08
1344,5	2572	61,7	9,08	7,8	2,99
1354,5	2476	62,1	8,8	7,58	2,89
1364,5	2534	60,9	8,81	7,54	2,94
1374,5	2556	60	8,74	7,45	2,95
1384,5	2400	62,6	8,6	7,42	2,81
1394,5	2555	59,1	8,59	7,29	2,93
1404,5	2579	58,7	8,6	7,29	2,95
1414,5	2528	59,7	8,59	7,32	2,91
1424,5	5071	36,8	10,06	7,05	4,92
1434,5	2963	52,2	8,68	7,07	3,26
1444,5	4002	43,4	9,55	7,23	4,13
1454,5	4120	42,8	9,68	7,28	4,23
1464,5	4022	43,5	9,63	7,3	4,16
1474,5	4630	42,4	10,76	8,06	4,74
1484,5	4285	43,4	10,21	7,73	4,42
1494,5	4399	43,8	10,61	8,07	4,56
1504,5	4321	43,8	10,4	7,9	4,47
1514,5	4426	43,9	10,7	8,14	4,59
1524,5	4693	45	11,66	8,96	4,91
1534,5	4671	45,4	11,73	9,05	4,9
1544,5	4265	44,8	10,55	8,1	4,45
1554,5	2294	57,7	7,51	6,32	2,61
1564,5	2016	59,9	6,88	5,86	2,32
1574,5	2022	56,8	6,5	5,45	2,29
1584,5	2100	55,9	6,64	5,53	2,36
1594,5	2093	54,8	6,46	5,35	2,34
1604,5	2215	53	6,6	5,4	2,45
1614,5	2436	52,1	7,12	5,79	2,68
1624,5	2348	52,9	6,98	5,71	2,59
1634,5	2420	51,1	6,93	5,6	2,64
1644,5	2455	51	7	5,65	2,68
1654,5	2093	55,3	6,54	5,44	2,35
1664,5	2139	53,2	6,4	5,25	2,37
1674,5	2028	55,7	6,38	5,31	2,28
1684,5	1868	55,3	5,84	4,85	2,09
1694,5	1947	55,5	6,1	5,08	2,18
1704,5	1801	56,9	5,81	4,87	2,04
1714,5	1823	56,4	5,82	4,87	2,06
1724,5	2852	52,6	8,42	6,87	3,14
1734,5	2891	53,4	8,68	7,13	3,2
1744,5	3027	51,8	8,8	7,15	3,32
1754,5	2828	55,1	8,79	7,3	3,16
1764,5	3016	53,1	9	7,38	3,33
1774,5	2980	54,5	9,15	7,56	3,32
1784,5	2917	55	9,05	7,5	3,26
1794,5	2673	55,7	8,42	7,01	3
1804,5	2790	54	8,49	7	3,1
1814,5	2810	54,3	8,6	7,1	3,13
1824,5	2984	53	8,89	7,28	3,3
1834,5	3073	52	8,97	7,29	3,37
1844,5	3052	52,2	8,93	7,27	3,35
1854,5	3036	53	9,05	7,41	3,35
1864,5	2556	55,6	8,03	6,68	2,87
1874,5	1972	60,3	6,79	5,8	2,28
1884,5	1890	59,7	6,43	5,47	2,18
1894,5	1936	57,9	6,36	5,36	2,2
1904,5	1994	57,5	6,51	5,48	2,27
1914,5	1790	60,4	6,16	5,27	2,07
1924,5	1829	59,5	6,2	5,27	2,1
1934,5	1792	60,6	6,19	5,29	2,07
1944,5	1825	58,9	6,11	5,19	2,09
1954,5	1623	64,6	6,03	5,25	1,92
1964,5	1643	63,2	5,95	5,16	1,93
1974,5	1973	57,7	6,45	5,44	2,24
1984,5	2549	56,6	8,17	6,84	2,88
1994,5	2391	57,3	7,77	6,53	2,71
2004,5	2607	55	8,09	6,71	2,92
2014,5	2441	58,4	8,1	6,85	2,79
2024,5	2413	58,2	7,98	6,74	2,75
2034,5	2421	58,2	8	6,76	2,76
2044,5	2562	56,1	8,12	6,78	2,88
2054,5	2523	57,8	8,28	6,98	2,87
2064,5	2643	56,4	8,44	7,06	2,98
2074,5	2680	55,1	8,33	6,91	3
2084,5	2762	55,8	8,71	7,25	3,1
2094,5	4073	42,7	9,54	7,17	4,18
2104,5	2570	57,4	8,36	7,03	2,92
2114,5	2542	56,4	8,11	6,78	2,87
2124,5	2564	55,2	7,99	6,63	2,87
2134,5	2432	55,9	7,69	6,41	2,74
2144,5	1960	63	7,07	6,11	2,3
2154,5	1861	62,7	6,68	5,77	2,18
2164,5	1831	61,1	6,39	5,47	2,12
2174,5	1775	62,8	6,38	5,51	2,08
2184,5	1742	62,8	6,27	5,42	2,04
2194,5	1703	64,4	6,3	5,49	2,01
2204,5	1794	62,6	6,43	5,55	2,1
2214,5	1898	61,5	6,67	5,73	2,21
2224,5	7260	40,6	16,08	11,81	7,31
2234,5	6764	43,8	16,32	12,41	7,01
2244,5	6368	45,3	15,92	12,27	6,67
2254,5	6164	46,5	15,87	12,37	6,51
2264,5	6031	47	15,72	12,29	6,4
2274,5	5733	48,4	15,43	12,21	6,14
2284,5	5926	46,2	15,15	11,77	6,25
2294,5	6748	42,2	15,6	11,66	6,89
2304,5	6938	40,9	15,51	11,44	7,01
2314,5	6541	43,2	15,54	11,74	6,74
2324,5	6495	43,2	15,41	11,63	6,69
2334,5	5930	45,7	14,97	11,58	6,23
2344,5	5935	45,8	15,03	11,63	6,24
2354,5	6719	43,7	16,17	12,28	6,95
2364,5	10922	33,8	19,74	13,23	10,25
2374,5	2606	48,9	7,1	5,64	2,8
2384,5	2021	52,8	6	4,91	2,23
2394,5	1070	68,6	4,25	3,76	1,3
2404,5	1816	52,3	5,33	4,35	2
2414,5	1605	52,7	4,75	3,89	1,77
2424,5	1504	55,1	4,68	3,89	1,68
2434,5	1559	53,9	4,73	3,89	1,73
2444,5	1511	54,2	4,62	3,81	1,68
2454,5	2093	50,6	5,92	4,77	2,28
2464,5	3701	52	10,8	8,79	4,06
2474,5	3476	53,3	10,42	8,55	3,85
2484,5	3561	52,3	10,46	8,53	3,92
2494,5	3643	52,7	10,79	8,82	4,02
2504,5	3651	52,2	10,69	8,71	4,01
2514,5	3602	53,8	10,9	8,97	4
2524,5	3777	53,1	11,26	9,22	4,17
2534,5	3761	53,1	11,23	9,21	4,16
2544,5	3816	52,3	11,2	9,13	4,2
2554,5	3891	53,4	11,69	9,59	4,31
2564,5	3897	53,3	11,68	9,58	4,31
2574,5	3801	54,1	11,58	9,55	4,23
2584,5	3831	53,4	11,5	9,44	4,24
2594,5	3910	52	11,4	9,27	4,29
2604,5	3648	54,2	11,15	9,2	4,06
2614,5	3818	53,5	11,5	9,45	4,23
2624,5	4404	49,1	12,05	9,6	4,74
2634,5	3992	51,1	11,42	9,23	4,36
2644,5	3963	51,2	11,36	9,19	4,33
2654,5	3563	54,4	10,91	9,01	3,97
2664,5	3638	55,2	11,34	9,42	4,07
2674,5	3980	51,4	11,46	9,28	4,35
2684,5	3878	52	11,31	9,2	4,26
2694,5	3754	54,4	11,51	9,51	4,18
2704,5	3870	52,4	11,37	9,27	4,26
2714,5	3991	51,9	11,61	9,43	4,38
2724,5	4090	51,9	11,91	9,68	4,49
2734,5	3896	52,8	11,55	9,44	4,3
2744,5	4072	51,5	11,76	9,53	4,46
2754,5	4038	52,2	11,82	9,63	4,44
2764,5	3938	53,1	11,76	9,64	4,35
2774,5	3865	52,7	11,44	9,35	4,26
2784,5	4045	52,1	11,83	9,62	4,44
2794,5	3884	53,1	11,59	9,49	4,29
2804,5	4138	50,8	11,75	9,47	4,5
2814,5	4203	50,6	11,89	9,58	4,57
2824,5	4532	49	12,36	9,83	4,87
2834,5	4617	49,7	12,79	10,23	4,99
2844,5	4580	49,8	12,74	10,2	4,95
2854,5	4037	53,1	12,06	9,88	4,46
2864,5	4054	51,5	11,69	9,47	4,43
2874,5	4261	50,8	12,1	9,75	4,64
2884,5	4197	53,8	12,71	10,45	4,66
2894,5	4104	52,5	12,09	9,86	4,52
2904,5	3974	51,7	11,52	9,35	4,35
2914,5	4118	50	11,49	9,2	4,46
2924,5	4315	49,5	11,9	9,5	4,66
2934,5	4360	49,4	12,02	9,59	4,7
2944,5	5069	47,7	13,45	10,59	5,41
2954,5	5230	48,9	14,23	11,31	5,62
2964,5	5305	48,5	14,32	11,34	5,69
2974,5	5286	47,4	13,89	10,9	5,62
2984,5	5112	48,9	13,92	11,06	5,49
2994,5	5450	47,1	14,24	11,16	5,79
3004,5	5445	47,3	14,31	11,23	5,79
3014,5	5203	48,2	13,95	11,03	5,57
3024,5	5087	48,4	13,71	10,85	5,45
3034,5	5194	47,6	13,73	10,8	5,53
3044,5	5275	46,6	13,61	10,61	5,58
3054,5	4599	48,8	12,5	9,93	4,94
3064,5	4572	49,4	12,59	10,05	4,93
3074,5	4424	49,1	12,11	9,64	4,76
3084,5	4818	47,7	12,76	10,04	5,14
3094,5	5293	47,4	13,92	10,92	5,63
3104,5	5305	47,5	13,98	10,98	5,65
3114,5	5866	43,3	13,94	10,54	6,05
3124,5	5986	42,6	13,98	10,49	6,14
3134,5	5938	46,4	15,25	11,87	6,27
3144,5	5338	49,1	14,62	11,64	5,75
3154,5	5029	48,7	13,64	10,82	5,4
3164,5	5235	47,2	13,71	10,74	5,56
3174,5	5202	48	13,89	10,96	5,56
3184,5	5111	48	13,65	10,77	5,46
3194,5	4890	49	13,34	10,6	5,26
3204,5	5197	47,9	13,82	10,89	5,55
3214,5	5175	48,3	13,9	10,99	5,54
3224,5	5429	47	14,15	11,07	5,76
3234,5	5312	47	13,86	10,85	5,64
3244,5	5387	47,2	14,09	11,04	5,72
3254,5	5759	46,9	14,98	11,71	6,1
3264,5	5738	48,1	15,35	12,12	6,13
3274,5	5968	47,5	15,74	12,37	6,35
3284,5	6066	47,6	16,05	12,62	6,46
3294,5	6347	47	16,54	12,93	6,73
3304,5	6994	47	18,25	14,28	7,42
3314,5	6557	47,3	17,22	13,51	6,97
3324,5	6203	47,5	16,34	12,84	6,6
3334,5	6066	47,9	16,15	12,73	6,47
3344,5	6139	47,5	16,17	12,7	6,53
3354,5	5355	49,6	14,82	11,84	5,78
3364,5	5960	47,4	15,69	12,31	6,34
3374,5	5508	49,5	15,19	12,13	5,94
3384,5	5947	47,1	15,54	12,17	6,31
3394,5	6884	47,6	18,21	14,32	7,33
3404,5	5406	50,7	15,33	12,35	5,88
3414,5	5258	49	14,35	11,41	5,66
3424,5	5177	49,8	14,39	11,52	5,6
3434,5	5345	47,7	14,15	11,14	5,7
3444,5	5063	48,9	13,8	10,97	5,44
3454,5	5086	48,6	13,76	10,91	5,46
3464,5	4871	49,9	13,57	10,87	5,27
3474,5	5043	48,1	13,49	10,66	5,39
3484,5	5325	49,1	14,59	11,61	5,73
3494,5	4901	49,8	13,61	10,89	5,3
3504,5	5284	48,8	14,36	11,4	5,68
3514,5	5473	48,8	14,87	11,81	5,88
3524,5	5359	51,1	15,33	12,39	5,85
3534,5	5316	48,6	14,37	11,39	5,7
3604,5	4765	48,6	12,88	10,21	5,11
3614,5	4533	49,8	12,61	10,09	4,9
3624,5	4184	52,5	12,33	10,06	4,61
3634,5	4113	50,7	11,66	9,39	4,47
3644,5	4472	49,1	12,22	9,73	4,81
3654,5	4442	49,5	12,27	9,8	4,8
3664,5	4405	50,1	12,32	9,88	4,77
3674,5	4679	50	13,07	10,48	5,07
3684,5	4689	51,2	13,44	10,86	5,12
3694,5	5138	49,7	14,26	11,4	5,55
3704,5	4953	50,7	14,04	11,31	5,39
3714,5	5289	48,6	14,29	11,33	5,67
3724,5	5123	49,9	14,26	11,42	5,54
3734,5	4697	49,9	13,09	10,48	5,08
3744,5	4541	49,3	12,48	9,95	4,9
3754,5	4150	50,2	11,65	9,36	4,5
3764,5	4331	49,9	12,06	9,66	4,69
3774,5	4023	51,2	11,54	9,34	4,39
3784,5	4132	49,5	11,4	9,11	4,46
3794,5	3804	51	10,86	8,77	4,15
3804,5	4967	41,9	11,39	8,49	5,06
3814,5	4062	50,8	11,53	9,3	4,42
3824,5	4092	50,4	11,53	9,27	4,44
3834,5	4304	49,6	11,9	9,5	4,65
3844,5	4205	50,8	11,94	9,62	4,58
3854,5	4664	49,3	12,83	10,23	5,03
3864,5	4193	52,7	12,42	10,15	4,62
3874,5	4461	48,5	12,05	9,55	4,78
3884,5	4113	52	12	9,76	4,51
3894,5	4140	51,2	11,87	9,6	4,52
3904,5	4192	51,3	12,05	9,76	4,58
3914,5	4368	48,8	11,88	9,43	4,69
3924,5	4144	49,7	11,49	9,19	4,48
3934,5	3884	50,7	11	8,87	4,23
3944,5	3930	51,9	11,43	9,29	4,31
3954,5	4184	50,3	11,75	9,44	4,54
3964,5	4065	51,2	11,66	9,44	4,44
3974,5	4263	50,9	12,15	9,8	4,65
3984,5	4074	51,6	11,77	9,55	4,46
3994,5	4217	50,4	11,89	9,56	4,58
4004,5	4104	51	11,71	9,46	4,48
4014,5	4218	50,8	11,97	9,65	4,59
4024,5	4286	51	12,23	9,88	4,67
4034,5	4298	52	12,53	10,19	4,72
4044,5	4432	50,2	12,42	9,97	4,81
4054,5	4531	49,9	12,62	10,11	4,9
4064,5	4494	49,7	12,45	9,96	4,86
4074,5	4046	50	11,3	9,06	4,38
4084,5	3869	49,2	10,62	8,46	4,17
4094,5	4143	49,3	11,39	9,08	4,47
4104,5	4122	50	11,51	9,23	4,47
4114,5	4707	45,8	11,93	9,24	4,95
4124,5	4042	50,7	11,46	9,24	4,4
4134,5	4092	50,2	11,48	9,22	4,44
4144,5	4174	49,6	11,56	9,24	4,51
4154,5	3633	50	10,15	8,14	3,94
4164,5	3575	50	9,98	8	3,87
4174,5	4015	50,3	11,27	9,06	4,36
4184,5	4210	50,6	11,91	9,59	4,58
4194,5	4109	51,7	11,91	9,66	4,5
4204,5	4148	51,2	11,88	9,6	4,53
4214,5	4320	50	12,07	9,68	4,68
4224,5	4223	49,6	11,67	9,33	4,56
4234,5	4235	50,1	11,84	9,49	4,59
4244,5	3909	51,9	11,37	9,23	4,29
4254,5	4053	50	11,31	9,06	4,39
4264,5	4002	51,7	11,58	9,4	4,38
4274,5	3942	51,7	11,43	9,28	4,32
4284,5	3700	51,3	10,62	8,59	4,04
4294,5	3896	49,8	10,82	8,66	4,21
4304,5	3961	51,5	11,44	9,27	4,33
4314,5	3771	52,2	11,04	8,99	4,14
4324,5	3293	52,7	9,75	7,97	3,63
4334,5	3409	51,2	9,77	7,9	3,72
4344,5	3285	51,8	9,55	7,76	3,6
4354,5	3848	48,5	10,4	8,24	4,13
4364,5	3855	49,7	10,69	8,55	4,17
4374,5	3925	51	11,2	9,04	4,28
4384,5	4013	51	11,45	9,25	4,38
4394,5	4297	49,9	11,97	9,58	4,65
4404,5	4466	48,8	12,14	9,64	4,8
4414,5	4131	50	11,55	9,26	4,48
4424,5	3833	50,3	10,77	8,66	4,16
4434,5	3803	50,2	10,67	8,56	4,13
4444,5	4146	48,2	11,12	8,79	4,44
4454,5	4211	49	11,49	9,14	4,53
4464,5	4300	49	11,73	9,33	4,62
4474,5	4263	49,2	11,7	9,32	4,59
4484,5	4239	49,3	11,66	9,3	4,57
4494,5	4060	51,7	11,75	9,54	4,45
4504,5	4092	50,6	11,59	9,33	4,45
4514,5	4401	48,9	12	9,54	4,73
4524,5	4307	49,7	11,96	9,57	4,66
4534,5	4304	49,2	11,8	9,4	4,64
4544,5	3952	51,7	11,44	9,29	4,33
4554,5	4072	49,9	11,34	9,08	4,41
4564,5	4091	50,4	11,51	9,26	4,44
4574,5	4976	44	12,06	9,18	5,16
4584,5	4218	50	11,78	9,45	4,57
4594,5	4226	50,2	11,86	9,52	4,58
4604,5	4150	50	11,59	9,3	4,5
4614,5	3972	51,5	11,45	9,28	4,34
4624,5	4152	50,4	11,69	9,39	4,51
4634,5	4319	50,7	12,25	9,87	4,7
4644,5	4374	49,2	12	9,56	4,71
4654,5	4006	50,6	11,33	9,12	4,36
4664,5	3959	49,3	10,88	8,67	4,27
4674,5	4000	49,7	11,08	8,86	4,32
4684,5	4520	48,8	12,28	9,75	4,86
4694,5	4299	51	12,28	9,92	4,69
4704,5	4247	50,8	12,06	9,73	4,62
4714,5	4280	49,8	11,91	9,53	4,63
4724,5	4235	50,9	12,06	9,73	4,61
4734,5	4644	48,3	12,48	9,87	4,97
4744,5	4301	50,6	12,17	9,8	4,68
4754,5	4465	49,9	12,45	9,97	4,83
4764,5	4477	51	12,78	10,32	4,88
4774,5	4342	50,4	12,24	9,85	4,72
4784,5	4475	50,1	12,52	10,04	4,85
4794,5	4391	50,4	12,38	9,95	4,77
4804,5	4427	49,8	12,32	9,86	4,79
4814,5	4309	50,3	12,1	9,72	4,68
4824,5	4444	49,3	12,23	9,75	4,79
4834,5	4534	49,2	12,44	9,92	4,89
4844,5	4636	49,3	12,76	10,17	5
4854,5	4636	48,5	12,52	9,92	4,97
4864,5	4292	51,5	12,38	10,03	4,7
4874,5	4465	50,6	12,64	10,18	4,86
4884,5	5150	48,3	13,83	10,93	5,51
