[miniDiSC java tool version 2 output file]
[Data recorded with miniDiSC SN101607 running firmware 3,42]
[File start date: 2021.10.04]
[File start time: 16:29:18]

Time	Number	Size	LDSA	Filter	Diff	
4,5	5397	59	18,11	15,35	6,18
14,5	5022	60,6	17,37	14,85	5,81
24,5	5115	59	17,16	14,55	5,86
34,5	4733	62,7	16,99	14,67	5,54
44,5	4875	60,7	16,89	14,44	5,64
54,5	5230	58,1	17,26	14,57	5,96
64,5	4697	61	16,36	14,01	5,44
74,5	4308	64,7	16,01	13,93	5,1
84,5	4391	62,7	15,77	13,61	5,14
94,5	4075	64,8	15,17	13,22	4,83
104,5	3898	66,6	14,95	13,12	4,66
114,5	4102	64	15,07	13,09	4,84
124,5	4035	64,9	15,04	13,11	4,78
134,5	3946	62,8	14,19	12,25	4,62
144,5	4314	62,2	15,34	13,21	5,03
154,5	4074	65	15,23	13,28	4,83
164,5	4350	61,5	15,27	13,11	5,05
174,5	4221	62,5	15,09	13,01	4,93
184,5	4291	62,7	15,4	13,29	5,02
194,5	4183	64,2	15,41	13,39	4,94
204,5	4155	65	15,51	13,52	4,93
214,5	3112	72,3	13,08	11,71	3,84
224,5	2505	78,5	11,54	10,52	3,2
234,5	2564	76,8	11,52	10,46	3,25
244,5	2394	80,5	11,34	10,39	3,09
254,5	2329	81,6	11,2	10,29	3,03
264,5	2221	82,8	10,85	10	2,91
274,5	2365	78,6	10,9	9,95	3,02
284,5	2286	80	10,76	9,85	2,95
294,5	2501	76,7	11,22	10,18	3,16
304,5	4104	63,2	14,87	12,87	4,82
314,5	3970	63,3	14,4	12,46	4,66
324,5	3952	62,3	14,09	12,14	4,61
334,5	4220	62,1	15	12,91	4,92
344,5	4089	62,8	14,69	12,69	4,79
354,5	4273	62	15,14	13,03	4,98
364,5	4087	63,7	14,93	12,94	4,81
374,5	4201	61,9	14,86	12,78	4,89
384,5	3828	64,4	14,16	12,31	4,52
394,5	3939	64,6	14,63	12,73	4,66
404,5	4004	63,7	14,64	12,7	4,71
414,5	3942	64,7	14,64	12,75	4,67
424,5	4184	61,6	14,74	12,66	4,87
434,5	3954	63,9	14,48	12,56	4,66
444,5	4255	61,8	15,02	12,91	4,95
454,5	4308	61,1	15,03	12,88	5
464,5	4328	61	15,08	12,92	5,02
474,5	2483	77,4	11,26	10,23	3,15
484,5	1029	93,2	5,73	5,4	1,42
494,5	912	105,5	5,84	5,6	1,35
504,5	981	89,4	5,22	4,88	1,33
514,5	995	88,1	5,21	4,86	1,34
524,5	1072	85,9	5,46	5,07	1,43
534,5	1023	89,5	5,45	5,1	1,39
544,5	1217	78,6	5,61	5,12	1,56
554,5	955	95,3	5,46	5,16	1,34
564,5	844	104,3	5,33	5,1	1,24
574,5	1971	71,1	8,14	7,27	2,42
584,5	3330	70,9	13,71	12,22	4,08
594,5	3219	74,1	13,9	12,52	4,02
604,5	3098	75,1	13,58	12,27	3,89
614,5	3170	73,5	13,57	12,19	3,94
624,5	3240	72,7	13,7	12,28	4,01
634,5	3352	70,9	13,78	12,28	4,11
644,5	3462	69,9	14,03	12,46	4,22
654,5	3496	70,2	14,23	12,65	4,27
664,5	3326	72,8	14,09	12,63	4,12
674,5	3561	68,8	14,16	12,53	4,31
684,5	3313	72,1	13,89	12,43	4,09
694,5	3143	74,9	13,74	12,4	3,94
704,5	3255	73,4	13,92	12,51	4,05
714,5	3378	71,8	14,09	12,6	4,16
724,5	3395	72,8	14,39	12,91	4,21
734,5	3463	70,9	14,25	12,7	4,24
744,5	3189	75,8	14,13	12,78	4,02
754,5	3277	74,2	14,18	12,77	4,09
764,5	2181	87,1	11,27	10,49	2,92
774,5	1549	93,5	8,66	8,16	2,15
784,5	1566	90,3	8,43	7,89	2,13
794,5	1636	87,1	8,46	7,87	2,19
804,5	1502	92,2	8,28	7,78	2,07
814,5	1439	96,2	8,31	7,86	2,02
824,5	1453	93,8	8,16	7,69	2,02
834,5	1485	92	8,16	7,67	2,04
844,5	1570	91,5	8,57	8,04	2,15
854,5	1520	94,8	8,64	8,16	2,12
864,5	1912	80,6	9,06	8,31	2,47
874,5	14558	37,7	29,73	21,06	14,27
884,5	15687	37,5	31,83	22,48	15,34
894,5	15467	38	31,8	22,6	15,19
904,5	14819	38,9	31,29	22,49	14,69
914,5	13248	40,4	29,18	21,36	13,32
924,5	13210	40,7	29,34	21,55	13,31
934,5	12262	42,2	28,36	21,18	12,52
944,5	8113	49,2	22,23	17,69	8,73
954,5	7385	49,9	20,55	16,45	7,99
964,5	8580	45,7	21,69	16,77	9,01
974,5	6991	49,5	19,31	15,42	7,55
984,5	3207	69,8	12,98	11,52	3,91
994,5	4377	60,2	15,02	12,81	5,05
1004,5	5372	54,8	16,6	13,74	6
1014,5	4046	62,6	14,49	12,5	4,73
1024,5	4023	63,1	14,53	12,57	4,72
1034,5	3952	64	14,52	12,61	4,66
1044,5	3728	65,5	14,05	12,27	4,43
1054,5	5671	51,6	16,38	13,28	6,2
1064,5	12119	35,9	23,41	16,18	11,65
1074,5	18516	29	28,29	17,37	16,24
1084,5	16881	30,7	27,42	17,4	15,19
1094,5	13472	35,2	25,46	17,41	12,85
1104,5	11822	38	24,34	17,31	11,62
1114,5	7525	48,5	20,3	16,07	8,06
1124,5	13637	38,8	28,69	20,59	13,5
1134,5	15141	42,5	35,28	26,41	15,49
1144,5	14344	46,2	36,65	28,42	15,11
1154,5	25502	67,6	99,55	87,06	30,61
1164,5	5756	170,6	62,76	62,95	11,35
1174,5	16259	58,6	54,18	45,7	18,56
1184,5	17583	61,5	61,8	52,85	20,41
1194,5	18205	53,4	54,7	44,76	20,13
1204,5	9652	63,1	34,86	30,09	11,31
1214,5	5975	68,1	23,52	20,74	7,21
1224,5	5764	67,5	22,46	19,77	6,93
1234,5	5801	67,6	22,63	19,92	6,98
1244,5	5747	67,8	22,51	19,83	6,92
1254,5	6001	65,9	22,78	19,92	7,15
1264,5	5624	68,2	22,15	19,53	6,79
1274,5	5401	68,3	21,33	18,83	6,52
1284,5	5243	67	20,27	17,81	6,29
1294,5	4933	69,1	19,71	17,45	5,98
1304,5	4772	71,3	19,74	17,61	5,86
1314,5	4494	71,9	18,77	16,78	5,54
1324,5	4412	70,5	18,04	16,05	5,4
1334,5	5355	62,8	19,25	16,62	6,27
1344,5	7704	57,5	25,13	21,12	8,74
1354,5	7501	53,7	22,66	18,62	8,32
1364,5	8238	56,3	26,26	21,92	9,28
1374,5	6510	61,2	22,76	19,5	7,55
1384,5	6298	58,2	20,81	17,56	7,18
1394,5	6261	57,5	20,42	17,17	7,11
1404,5	6461	56,7	20,73	17,35	7,3
1414,5	6679	56,7	21,46	17,96	7,55
1424,5	7186	55,2	22,39	18,57	8,04
1434,5	7058	55,1	21,94	18,18	7,89
1444,5	6417	57,9	21,07	17,75	7,3
1454,5	5820	59,7	19,8	16,84	6,69
1464,5	5429	62,5	19,43	16,75	6,35
1474,5	4197	64,1	15,43	13,4	4,95
1484,5	5382	60,8	18,66	15,95	6,23
1494,5	4860	62,7	17,45	15,06	5,69
1504,5	5256	61,8	18,57	15,96	6,12
1514,5	4988	63,1	18,03	15,58	5,85
1524,5	3359	74,2	14,53	13,09	4,19
1534,5	3250	73,9	14	12,6	4,05
1544,5	3113	73,8	13,39	12,05	3,88
1554,5	2954	75,2	12,98	11,73	3,71
1564,5	2527	81,1	12,07	11,08	3,28
1574,5	3260	73	13,84	12,42	4,04
1584,5	3643	72,4	15,34	13,73	4,5
1594,5	2957	78,6	13,63	12,43	3,78
1604,5	2638	80,7	12,54	11,5	3,41
1614,5	2480	81,3	11,88	10,92	3,22
1624,5	2323	84	11,54	10,66	3,06
1634,5	2774	82,8	13,55	12,49	3,63
1644,5	2917	85,8	14,82	13,75	3,88
1654,5	2977	81,8	14,36	13,2	3,87
1664,5	2787	86,7	14,33	13,32	3,72
1674,5	2851	86,1	14,55	13,5	3,8
1684,5	2886	85,2	14,57	13,5	3,83
1694,5	2778	87,9	14,52	13,52	3,74
1704,5	2817	87,3	14,59	13,58	3,78
1714,5	3202	78,8	14,82	13,52	4,1
1724,5	2955	84,6	14,8	13,69	3,9
1734,5	3105	81,6	14,94	13,73	4,04
1744,5	3157	81,7	15,19	13,96	4,11
1754,5	3307	78,5	15,24	13,9	4,23
1764,5	3195	80,3	15,1	13,83	4,12
1774,5	3216	79,3	14,98	13,69	4,13
1784,5	3118	81	14,87	13,64	4,04
1794,5	2087	92,5	11,53	10,84	2,88
1804,5	1977	87,5	10,27	9,56	2,65
1814,5	2123	84	10,54	9,75	2,8
1824,5	1900	89,6	10,14	9,48	2,58
1834,5	1781	92,3	9,83	9,23	2,45
1844,5	1746	92,6	9,66	9,08	2,41
1854,5	1793	89,9	9,6	8,98	2,44
1864,5	2756	74	11,89	10,71	3,44
1874,5	5200	68,6	20,62	18,22	6,29
1884,5	4377	77,9	19,99	18,19	5,58
1894,5	4499	75,6	19,87	17,96	5,66
1904,5	4302	79,5	20,09	18,35	5,53
1914,5	4680	76,3	20,89	18,92	5,91
1924,5	4419	78,4	20,33	18,52	5,64
1934,5	4518	78,7	20,86	19,01	5,78
1944,5	4480	76,3	20,01	18,13	5,66
1954,5	4283	79,2	19,91	18,17	5,49
1964,5	4401	78,1	20,15	18,34	5,61
1974,5	3829	79,8	17,96	16,43	4,93
1984,5	4423	77	19,94	18,1	5,61
1994,5	4553	76,8	20,46	18,56	5,76
2004,5	1709	118,4	12,43	12,1	2,69
2014,5	1876	89,6	10,01	9,36	2,55
2024,5	1750	94,5	9,91	9,35	2,44
2034,5	1360	101,6	8,34	7,96	1,97
2044,5	1275	103,8	8,01	7,67	1,87
2054,5	1287	103	8,02	7,67	1,87
2064,5	1392	96,1	8,03	7,6	1,96
2074,5	1145	110,3	7,69	7,42	1,73
2084,5	1173	108,6	7,75	7,46	1,76
2094,5	2428	81,4	11,64	10,69	3,15
2104,5	2706	84	13,43	12,41	3,56
2114,5	2666	83,4	13,13	12,12	3,5
2124,5	2707	83,2	13,31	12,28	3,55
2134,5	2808	81,5	13,49	12,39	3,65
2144,5	2676	85,3	13,51	12,52	3,55
2154,5	2677	85,6	13,57	12,58	3,56
2164,5	2725	83,3	13,41	12,37	3,58
2174,5	2579	88,5	13,57	12,66	3,48
2184,5	2568	86,7	13,2	12,27	3,43
2194,5	2791	81,5	13,4	12,31	3,63
2204,5	2468	89,7	13,18	12,33	3,35
2214,5	2547	86,6	13,09	12,16	3,4
2224,5	2601	85,3	13,15	12,18	3,45
2234,5	2633	85,6	13,35	12,38	3,5
2244,5	2631	85,4	13,31	12,33	3,49
2254,5	2646	84,2	13,18	12,19	3,49
2264,5	2602	87,3	13,49	12,56	3,49
2274,5	2646	85,9	13,47	12,5	3,52
2284,5	2421	90,1	13	12,17	3,3
2294,5	2300	92,6	12,73	11,96	3,17
2304,5	2213	94,8	12,57	11,87	3,09
2314,5	2283	90,8	12,37	11,59	3,12
2324,5	2049	96,1	11,81	11,17	2,88
2334,5	1962	100,8	11,93	11,37	2,83
2344,5	1991	98,7	11,82	11,22	2,83
2354,5	1963	100,1	11,84	11,27	2,82
2364,5	1880	100,2	11,36	10,81	2,7
2374,5	1945	97,4	11,39	10,79	2,75
2384,5	2088	93,7	11,7	11,03	2,9
2394,5	2012	95,4	11,51	10,87	2,82
2404,5	2269	89,4	12,08	11,29	3,08
2414,5	3066	75,4	13,51	12,22	3,85
2424,5	4052	62,6	14,53	12,54	4,74
2434,5	3115	76,1	13,86	12,56	3,93
2444,5	2737	83,9	13,58	12,55	3,6
2454,5	2743	83,9	13,61	12,57	3,61
2464,5	2786	82,6	13,57	12,5	3,64
2474,5	2929	79,9	13,76	12,59	3,77
2484,5	2850	81	13,59	12,47	3,69
2494,5	2865	80,6	13,59	12,45	3,7
2504,5	2681	84,9	13,48	12,48	3,55
2514,5	2702	85	13,59	12,59	3,58
2524,5	2654	86,2	13,56	12,59	3,54
2534,5	2707	83,3	13,32	12,29	3,55
2544,5	2700	82,8	13,2	12,16	3,53
2554,5	2642	84,2	13,16	12,17	3,48
2564,5	2652	83,6	13,11	12,11	3,49
2574,5	2664	83,9	13,2	12,2	3,51
2584,5	2703	83	13,24	12,21	3,54
2594,5	2594	85,1	13,08	12,12	3,44
2604,5	2728	82,1	13,21	12,16	3,56
2614,5	2652	85,9	13,5	12,53	3,53
2624,5	2828	80,1	13,32	12,2	3,65
2634,5	2704	83	13,25	12,21	3,54
2644,5	2985	76,3	13,33	12,08	3,77
2654,5	2783	81,6	13,38	12,29	3,62
2664,5	2762	82,1	13,37	12,3	3,6
2674,5	2458	87,2	12,73	11,84	3,29
2684,5	2022	95,9	11,62	10,99	2,84
2694,5	1899	100,8	11,55	11	2,73
2704,5	1788	103,7	11,22	10,73	2,61
2714,5	1773	104	11,16	10,68	2,6
2724,5	1770	103,7	11,11	10,62	2,59
2734,5	1800	102	11,09	10,59	2,61
2744,5	1829	100,3	11,07	10,53	2,63
2754,5	1802	100,3	10,89	10,37	2,59
2764,5	1846	97,4	10,81	10,24	2,61
2774,5	1666	105,4	10,65	10,21	2,46
2784,5	1912	97,7	11,23	10,65	2,71
2794,5	1815	100,5	11	10,48	2,61
2804,5	1788	100,6	10,84	10,32	2,57
2814,5	1764	101,3	10,78	10,28	2,55
2824,5	1728	102,3	10,69	10,2	2,51
2834,5	1706	103,5	10,68	10,22	2,49
2844,5	1843	96,9	10,73	10,16	2,6
2854,5	1807	100,4	10,94	10,41	2,6
2864,5	2672	83,9	13,26	12,25	3,52
2874,5	3201	78,2	14,68	13,37	4,08
2884,5	3616	71	14,91	13,3	4,44
2894,5	3316	77	14,94	13,56	4,2
2904,5	3714	74,3	16,09	14,49	4,64
2914,5	3345	78,1	15,32	13,95	4,26
2924,5	2915	82,5	14,19	13,07	3,81
2934,5	2924	78,8	13,53	12,35	3,74
2944,5	3231	77,5	14,66	13,33	4,11
2954,5	3454	77,8	15,75	14,33	4,4
2964,5	3435	78,1	15,74	14,33	4,38
2974,5	6237	58,9	20,89	17,69	7,14
2984,5	13211	61,1	46,1	39,4	15,31
2994,5	8941	64,9	33,36	29,03	10,59
3004,5	10143	71,1	41,83	37,21	12,43
3014,5	3230	87,6	16,81	15,64	4,34
3024,5	3939	79,2	18,34	16,75	5,05
3034,5	6413	64	23,56	20,44	7,56
3044,5	8443	58	27,8	23,42	9,61
3054,5	14002	48,4	37,68	29,76	14,98
3064,5	4162	79,7	19,5	17,82	5,35
3074,5	2674	90,1	14,35	13,43	3,64
3084,5	1946	82,9	9,52	8,78	2,55
