[miniDiSC java tool version 2 output file]
[Data recorded with miniDiSC SN101607 running firmware 3,42]
[File start date: 2021.10.02]
[File start time: 16:00:40]

Time	Number	Size	LDSA	Filter	Diff	
4,5	1572	71,5	6,53	5,84	1,93
14,5	1265	85,4	6,4	5,93	1,68
24,5	1232	86,9	6,35	5,91	1,65
34,5	1303	83,8	6,45	5,96	1,71
44,5	1331	84,2	6,63	6,13	1,76
54,5	1269	86,3	6,5	6,04	1,69
64,5	1369	81,7	6,59	6,06	1,78
74,5	1382	83,6	6,83	6,31	1,82
84,5	1404	79,7	6,58	6,02	1,81
94,5	1448	78,1	6,64	6,05	1,85
104,5	1309	84,6	6,55	6,07	1,73
114,5	1421	78,3	6,53	5,96	1,82
124,5	1440	78,3	6,61	6,03	1,84
134,5	1488	75,5	6,57	5,94	1,87
144,5	1358	81,5	6,52	6	1,76
154,5	1370	81,5	6,58	6,05	1,78
164,5	1285	85,2	6,48	6,01	1,7
174,5	1335	82,6	6,51	6	1,75
184,5	1438	78,4	6,62	6,04	1,84
194,5	1312	84,5	6,56	6,07	1,73
204,5	1323	87,1	6,85	6,37	1,77
214,5	1306	85,6	6,63	6,15	1,74
224,5	1286	86,6	6,61	6,14	1,72
234,5	1255	86,5	6,44	5,99	1,68
244,5	1384	80,8	6,59	6,05	1,79
254,5	1380	80,6	6,55	6	1,78
264,5	1410	79,6	6,6	6,03	1,81
274,5	1359	82	6,57	6,04	1,77
284,5	1347	84,7	6,75	6,26	1,78
294,5	3060	46,9	7,96	6,22	3,24
304,5	1555	75,8	6,89	6,24	1,96
314,5	1392	81,8	6,71	6,18	1,81
324,5	1440	80,4	6,81	6,25	1,86
334,5	1440	81,3	6,9	6,34	1,87
344,5	1421	81,5	6,82	6,27	1,85
354,5	1362	82,3	6,62	6,09	1,78
364,5	1667	72,2	7	6,27	2,06
374,5	1354	87,1	7	6,52	1,81
384,5	1494	79,4	6,98	6,38	1,92
394,5	1374	83,5	6,78	6,27	1,81
404,5	1469	78,9	6,81	6,22	1,88
414,5	1414	81,4	6,79	6,24	1,84
424,5	1399	83,9	6,94	6,42	1,84
434,5	1730	70,7	7,1	6,33	2,12
444,5	1560	74,7	6,8	6,14	1,95
454,5	1404	81,3	6,72	6,18	1,82
464,5	1422	80	6,69	6,13	1,83
474,5	1408	81	6,72	6,17	1,83
484,5	1411	81,6	6,78	6,24	1,83
494,5	1453	79,6	6,8	6,22	1,87
504,5	1420	81,5	6,82	6,27	1,85
514,5	1497	80,5	7,09	6,5	1,93
524,5	1503	82	7,27	6,69	1,96
534,5	1505	81,2	7,2	6,62	1,95
544,5	2452	55,6	7,7	6,41	2,75
554,5	1538	78,6	7,1	6,48	1,97
564,5	1469	81,4	7,05	6,48	1,91
574,5	1589	77,4	7,21	6,56	2,02
584,5	1548	79	7,19	6,56	1,98
594,5	1812	74,4	7,86	7,09	2,26
604,5	1806	75	7,91	7,14	2,27
614,5	1841	74,1	7,96	7,17	2,3
624,5	1718	78,6	7,92	7,23	2,2
634,5	1648	80,5	7,8	7,15	2,13
644,5	1514	81,7	7,29	6,71	1,97
654,5	1564	79,1	7,26	6,64	2,01
664,5	1557	80,1	7,33	6,72	2,01
674,5	1813	74,8	7,92	7,15	2,27
684,5	1664	80,6	7,89	7,23	2,15
694,5	1766	77,6	8,04	7,31	2,25
704,5	1771	77,8	8,08	7,35	2,26
714,5	1670	78,8	7,72	7,05	2,14
724,5	1654	79	7,68	7,01	2,12
734,5	1760	75,4	7,75	7,01	2,21
744,5	1658	79,6	7,76	7,1	2,13
754,5	1961	70,6	8,03	7,15	2,4
764,5	1752	77,2	7,93	7,21	2,22
774,5	1771	76,5	7,92	7,19	2,24
784,5	1620	82,4	7,88	7,26	2,12
794,5	1625	81	7,75	7,12	2,11
804,5	1739	77,4	7,88	7,17	2,21
814,5	1771	76,7	7,95	7,22	2,24
824,5	1684	78,9	7,81	7,13	2,16
834,5	1730	77,3	7,84	7,13	2,2
844,5	1581	82,1	7,65	7,04	2,06
854,5	1651	79,3	7,7	7,04	2,12
864,5	1651	80,3	7,8	7,15	2,13
874,5	1581	82,8	7,73	7,13	2,07
884,5	1670	80,6	7,92	7,27	2,16
894,5	1680	78,8	7,77	7,1	2,15
904,5	1660	79,5	7,76	7,09	2,13
914,5	1679	81,8	8,09	7,44	2,19
924,5	1720	81,2	8,23	7,56	2,23
934,5	1597	85,9	8,13	7,54	2,12
944,5	1550	85,8	7,88	7,32	2,06
954,5	1582	86,2	8,09	7,51	2,11
964,5	1911	75,7	8,45	7,65	2,41
974,5	1721	81,8	8,3	7,64	2,24
984,5	1649	83,6	8,15	7,53	2,17
994,5	1779	82,3	8,63	7,95	2,32
1004,5	1902	78,2	8,72	7,95	2,43
1014,5	1804	82	8,73	8,03	2,35
1024,5	1739	83,5	8,58	7,92	2,28
1034,5	1848	80,9	8,81	8,08	2,39
1044,5	1808	82	8,74	8,04	2,36
1054,5	1701	83,2	8,36	7,71	2,23
1064,5	1710	82,9	8,37	7,72	2,24
1074,5	1835	80,4	8,68	7,95	2,37
1084,5	1835	81,6	8,82	8,11	2,39
1094,5	1707	85,9	8,69	8,07	2,27
1104,5	1807	81,1	8,63	7,92	2,34
1114,5	1705	86,2	8,71	8,09	2,27
1124,5	1674	86,1	8,55	7,94	2,23
1134,5	1784	81,6	8,58	7,88	2,32
1144,5	1829	80,7	8,68	7,96	2,37
1154,5	1818	81	8,67	7,96	2,36
1164,5	1803	80,9	8,59	7,88	2,34
1174,5	2024	74,3	8,77	7,91	2,53
1184,5	1732	83,6	8,55	7,9	2,28
1194,5	1772	82,1	8,58	7,9	2,31
1204,5	1797	81,1	8,59	7,88	2,33
1214,5	1722	83,4	8,49	7,84	2,26
1224,5	1736	82,6	8,46	7,8	2,27
1234,5	1861	77,9	8,51	7,75	2,37
1244,5	1741	81,4	8,36	7,68	2,26
1254,5	1634	86,3	8,37	7,77	2,18
1264,5	1766	80,4	8,36	7,66	2,28
1274,5	1696	82,4	8,25	7,6	2,22
1284,5	1685	83,1	8,27	7,64	2,21
1294,5	1729	82,4	8,41	7,75	2,26
1304,5	1776	81	8,47	7,78	2,3
1314,5	1810	79,8	8,5	7,78	2,33
1324,5	1696	83	8,31	7,67	2,22
1334,5	1684	83,5	8,31	7,68	2,21
1344,5	1796	79,8	8,43	7,71	2,31
1354,5	1608	86,6	8,26	7,68	2,15
1364,5	1634	85,7	8,3	7,7	2,17
1374,5	1671	84,3	8,34	7,71	2,21
1384,5	1673	84,2	8,33	7,7	2,21
1394,5	1601	86,1	8,18	7,59	2,13
1404,5	1700	83,7	8,41	7,77	2,24
1414,5	1697	83,2	8,34	7,7	2,23
1424,5	1659	84,4	8,28	7,66	2,19
1434,5	1574	86,8	8,1	7,53	2,1
1444,5	2305	65,7	8,72	7,63	2,75
1454,5	1712	83	8,39	7,73	2,24
1464,5	1610	85,5	8,16	7,57	2,14
1474,5	1685	81,9	8,14	7,49	2,19
1484,5	1604	85,3	8,1	7,51	2,13
1494,5	1621	85,4	8,2	7,6	2,15
1504,5	1595	86,5	8,18	7,6	2,13
1514,5	1599	86,4	8,19	7,61	2,13
1524,5	1579	86,8	8,14	7,57	2,11
1534,5	1644	83,4	8,1	7,48	2,16
1544,5	1568	87,7	8,17	7,62	2,11
1554,5	1606	85,5	8,14	7,55	2,13
1564,5	1516	90,2	8,15	7,63	2,06
1574,5	1493	91,8	8,19	7,69	2,05
1584,5	1605	86,1	8,2	7,61	2,14
1594,5	1647	85,3	8,32	7,71	2,18
1604,5	1668	84,8	8,38	7,76	2,21
1614,5	1684	83,8	8,35	7,71	2,22
1624,5	2744	58,2	9,06	7,65	3,13
1634,5	1597	86,8	8,23	7,65	2,14
1644,5	1633	85,4	8,26	7,66	2,17
1654,5	1605	85,9	8,17	7,59	2,14
1664,5	1571	87,2	8,14	7,57	2,11
1674,5	1705	84,1	8,48	7,84	2,25
1684,5	1693	84,4	8,46	7,83	2,24
1694,5	1547	93,6	8,67	8,17	2,15
1704,5	1618	87,4	8,4	7,82	2,17
1714,5	2244	67,3	8,71	7,66	2,7
1724,5	1587	88,1	8,31	7,75	2,14
1734,5	1595	88,3	8,38	7,81	2,15
1744,5	1733	84,7	8,69	8,04	2,29
1754,5	1615	89,1	8,57	8,01	2,19
1764,5	1567	91,6	8,57	8,04	2,15
1774,5	1689	86,3	8,65	8,04	2,25
1784,5	1712	85	8,62	7,99	2,27
1794,5	1651	87,4	8,57	7,98	2,21
1804,5	1558	91,8	8,54	8,02	2,14
1814,5	1669	85,5	8,46	7,84	2,22
1824,5	1646	87,7	8,57	7,99	2,21
1834,5	1526	93	8,49	7,99	2,11
1844,5	1525	92,1	8,39	7,88	2,1
1854,5	1505	93,8	8,45	7,97	2,09
1864,5	1622	88	8,48	7,91	2,18
1874,5	1609	89,7	8,59	8,04	2,19
