[miniDiSC java tool version 2 output file]
[Data recorded with miniDiSC SN101607 running firmware 3,42]
[File start date: 2021.10.01]
[File start time: 11:38:31]

Time	Number	Size	LDSA	Filter	Diff	
4,5	4043	49,1	11,07	8,81	4,35
14,5	4675	44,5	11,48	8,79	4,87
24,5	3371	56,3	10,73	8,97	3,8
34,5	3241	55,9	10,24	8,53	3,64
44,5	3521	53,4	10,57	8,68	3,9
54,5	3633	52,2	10,65	8,68	3,99
64,5	3497	54,3	10,7	8,84	3,89
74,5	3553	54,6	10,95	9,06	3,96
84,5	3615	53,5	10,89	8,94	4,01
94,5	3311	56,3	10,54	8,8	3,73
104,5	3376	54,8	10,43	8,64	3,77
114,5	3485	54,3	10,67	8,81	3,88
124,5	3744	51,9	10,9	8,86	4,11
134,5	3385	55,8	10,67	8,89	3,8
144,5	3452	55	10,71	8,88	3,86
154,5	3039	59,3	10,26	8,72	3,49
164,5	1301	73,4	5,56	5	1,62
174,5	1468	62,9	5,29	4,57	1,72
184,5	1578	62,1	5,61	4,83	1,84
194,5	1702	63,8	6,23	5,41	2,01
204,5	1662	64,3	6,13	5,34	1,96
214,5	1665	60,9	5,78	4,95	1,93
224,5	1505	64	5,53	4,8	1,77
234,5	1431	66,1	5,45	4,78	1,71
244,5	1173	74,3	5,09	4,59	1,47
254,5	3147	48,7	8,53	6,77	3,38
264,5	3593	49,4	9,9	7,9	3,88
274,5	3574	50,9	10,17	8,2	3,89
284,5	3496	50,6	9,9	7,97	3,8
294,5	3795	48,9	10,34	8,22	4,08
304,5	3452	51,8	10,02	8,14	3,78
314,5	3415	52,2	10	8,14	3,75
324,5	3416	52,2	10,01	8,15	3,75
334,5	3398	51,8	9,88	8,02	3,73
344,5	4499	47,7	11,93	9,4	4,8
354,5	3887	51,2	11,14	9,01	4,24
364,5	3821	50,5	10,78	8,67	4,15
374,5	3709	50,3	10,43	8,38	4,03
384,5	3806	50,3	10,69	8,58	4,13
394,5	3912	50,7	11,09	8,93	4,26
404,5	3808	50,7	10,79	8,69	4,14
414,5	3775	50,5	10,67	8,58	4,1
424,5	3444	54	10,47	8,63	3,83
434,5	586	115,1	4,13	4	0,91
444,5	935	72,4	3,94	3,54	1,16
454,5	1104	65,4	4,16	3,63	1,31
464,5	1062	66,3	4,06	3,56	1,27
474,5	1208	64,5	4,47	3,89	1,43
484,5	1225	61,8	4,33	3,73	1,43
494,5	1242	62,3	4,43	3,82	1,45
504,5	1092	65	4,08	3,56	1,3
514,5	1270	56,8	4,09	3,43	1,44
524,5	1182	60,1	4,05	3,45	1,36
534,5	994	69,1	3,97	3,52	1,21
544,5	928	70,2	3,78	3,36	1,13
554,5	1033	63,7	3,78	3,28	1,22
564,5	1091	64,7	4,06	3,53	1,29
574,5	3205	51,2	9,18	7,43	3,5
584,5	2927	56,8	9,41	7,89	3,31
594,5	3171	54,2	9,68	7,98	3,53
604,5	2875	57,7	9,42	7,93	3,27
614,5	2674	59,9	9,12	7,77	3,08
624,5	2951	55,9	9,32	7,77	3,32
634,5	3116	56,9	10,03	8,41	3,52
644,5	3191	55,1	9,93	8,24	3,57
654,5	3017	57	9,75	8,18	3,42
664,5	3086	55,5	9,67	8,04	3,46
674,5	4664	48,9	12,71	10,1	5,01
684,5	4812	49,5	13,29	10,61	5,19
694,5	4920	48,9	13,39	10,64	5,29
704,5	5751	43,5	13,75	10,41	5,94
714,5	4698	49,6	13,01	10,4	5,08
724,5	4048	52,3	11,88	9,68	4,45
734,5	4436	50,1	12,41	9,96	4,81
744,5	3954	52,2	11,59	9,44	4,35
754,5	3263	55,3	10,2	8,48	3,66
764,5	3054	56	9,68	8,08	3,44
774,5	3722	51,7	10,78	8,75	4,08
784,5	3860	51,3	11,1	8,98	4,22
794,5	3801	51,8	11,03	8,96	4,17
804,5	3301	55,1	10,27	8,52	3,69
814,5	2532	60,2	8,69	7,41	2,92
824,5	2646	58,7	8,82	7,47	3,03
834,5	2709	57,2	8,79	7,38	3,07
844,5	2770	58	9,12	7,69	3,15
854,5	2624	59,2	8,85	7,51	3,01
864,5	2381	62,5	8,52	7,35	2,78
874,5	2360	61	8,22	7,04	2,74
884,5	2737	55,3	8,54	7,09	3,07
894,5	2901	55,5	9,1	7,58	3,26
904,5	3973	46,9	10,34	8,08	4,21
914,5	3910	47,9	10,41	8,21	4,18
924,5	3537	50,6	10	8,05	3,85
934,5	3124	55	9,7	8,04	3,49
944,5	3412	51,9	9,93	8,07	3,74
954,5	3174	54,6	9,77	8,08	3,54
964,5	3397	52,1	9,93	8,08	3,73
974,5	3311	53,9	10,04	8,27	3,68
984,5	3170	55,5	9,94	8,27	3,56
994,5	3205	54,6	9,87	8,17	3,58
1004,5	3219	54	9,79	8,07	3,58
1014,5	3329	53,2	9,96	8,16	3,68
1024,5	3117	55,5	9,76	8,12	3,5
1034,5	2955	57,1	9,56	8,02	3,35
1044,5	3288	53,6	9,92	8,16	3,65
1054,5	3291	54,6	10,13	8,38	3,67
1064,5	3138	55,8	9,9	8,25	3,53
1074,5	3125	56,5	9,99	8,36	3,53
1084,5	1973	67,7	7,71	6,8	2,38
1094,5	1898	66,5	7,27	6,38	2,27
1104,5	1880	66,9	7,25	6,37	2,25
1114,5	1856	66,4	7,1	6,22	2,22
1124,5	1858	65,9	7,05	6,17	2,22
1134,5	2026	65,1	7,59	6,62	2,41
1144,5	2386	61,4	8,37	7,18	2,77
1154,5	2099	64,5	7,78	6,77	2,48
1164,5	2621	56,9	8,44	7,08	2,97
1174,5	3379	54,5	10,39	8,59	3,77
1184,5	3391	55,3	10,58	8,79	3,8
1194,5	3405	55,1	10,59	8,79	3,81
1204,5	4656	42,9	10,96	8,25	4,79
1214,5	4155	49,9	11,57	9,26	4,5
1224,5	4021	51,5	11,6	9,4	4,4
1234,5	3969	52,7	11,74	9,6	4,38
1244,5	3943	51,1	11,29	9,12	4,3
1254,5	3676	53,6	11,08	9,11	4,08
1264,5	3776	52,6	11,15	9,1	4,16
1274,5	3425	55,5	10,73	8,92	3,84
1284,5	3259	57,1	10,55	8,85	3,69
1294,5	3395	57	10,97	9,2	3,84
1304,5	3426	56	10,86	9,06	3,86
1314,5	3387	55,4	10,6	8,81	3,8
1324,5	3798	51,7	11,01	8,94	4,16
1334,5	3887	51,6	11,24	9,12	4,26
1344,5	3822	52,5	11,27	9,2	4,21
1354,5	4057	52,4	11,93	9,73	4,46
1364,5	3868	53,8	11,72	9,65	4,29
1374,5	2288	62,9	8,25	7,13	2,68
1384,5	2028	61,9	7,18	6,18	2,36
1394,5	1720	68,5	6,81	6,02	2,08
1404,5	1773	64,5	6,57	5,72	2,1
1414,5	1708	67,2	6,62	5,82	2,05
1424,5	1719	68,7	6,83	6,04	2,08
1434,5	1816	65,6	6,85	5,99	2,16
1444,5	1943	63,5	7,07	6,13	2,28
1454,5	2099	63,8	7,68	6,67	2,47
1464,5	4487	50,3	12,61	10,13	4,87
1474,5	4688	52,6	13,85	11,3	5,16
1484,5	6141	43,2	14,59	11,03	6,33
1494,5	5457	50,8	15,5	12,49	5,94
1504,5	5595	52,1	16,37	13,32	6,15
1514,5	5556	52,7	16,45	13,44	6,12
1524,5	5804	51,1	16,6	13,4	6,33
1534,5	5438	52,7	16,08	13,13	5,99
1544,5	5613	51,5	16,21	13,13	6,14
1554,5	5627	51,7	16,31	13,23	6,16
1564,5	5214	53	15,53	12,71	5,76
1574,5	5213	53,2	15,58	12,77	5,76
1584,5	5298	52,5	15,63	12,75	5,83
1594,5	5719	52,5	16,84	13,73	6,29
1604,5	5736	52,8	17,03	13,92	6,33
1614,5	5534	52,9	16,44	13,45	6,11
1624,5	5591	52,7	16,54	13,51	6,16
1634,5	5877	53,1	17,55	14,37	6,49
1644,5	5409	55,2	16,86	13,99	6,06
1654,5	5249	54,5	16,14	13,34	5,85
1664,5	5498	53,5	16,53	13,57	6,09
1674,5	5638	52,5	16,63	13,57	6,21
1684,5	5048	54,7	15,56	12,87	5,63
1694,5	5292	53	15,75	12,88	5,84
1704,5	5596	53,9	17	13,99	6,22
1714,5	6127	51,8	17,81	14,46	6,72
1724,5	5975	53,6	18,03	14,81	6,62
1734,5	5855	54,8	18,11	14,99	6,54
1744,5	6314	51,6	18,24	14,78	6,91
1754,5	5885	54	17,88	14,72	6,54
1764,5	5664	54,5	17,42	14,39	6,32
1774,5	5897	53,1	17,59	14,4	6,51
1784,5	5903	54,3	18,07	14,91	6,57
1794,5	5719	54,2	17,46	14,39	6,36
1804,5	5865	54,5	18	14,87	6,54
1814,5	5683	53,8	17,2	14,15	6,31
1824,5	5590	53,7	16,88	13,87	6,2
1834,5	5170	55,2	16,1	13,36	5,79
1844,5	5225	53,3	15,65	12,83	5,78
1854,5	5172	53,1	15,44	12,65	5,72
1864,5	4709	53,9	14,28	11,76	5,23
1874,5	4439	54,2	13,54	11,17	4,94
1884,5	5052	49,4	13,92	11,11	5,45
1894,5	5433	52,8	16,12	13,18	5,99
1904,5	5191	53,8	15,74	12,95	5,76
1914,5	4433	54,7	13,67	11,31	4,95
1924,5	4508	51,8	13,1	10,64	4,94
1934,5	4518	52,3	13,25	10,79	4,97
1944,5	4929	51,7	14,3	11,6	5,4
1954,5	5073	53,6	15,31	12,58	5,62
1964,5	5204	54	15,82	13,03	5,78
1974,5	5248	53,3	15,74	12,91	5,81
1984,5	4406	55,5	13,81	11,48	4,94
1994,5	4634	54	14,09	11,6	5,15
2004,5	4272	58,8	14,29	12,11	4,89
2014,5	5053	54,4	15,48	12,78	5,63
2024,5	5118	52,9	15,21	12,44	5,65
2034,5	5037	53,5	15,15	12,44	5,58
2044,5	4597	57,2	14,9	12,51	5,21
2054,5	4766	55,3	14,87	12,35	5,34
2064,5	5026	53,4	15,1	12,39	5,57
2074,5	5328	53,8	16,13	13,26	5,91
2084,5	5325	54,5	16,37	13,53	5,94
2094,5	4795	55,6	15,06	12,53	5,38
2104,5	4649	55,2	14,48	12,01	5,2
2114,5	4623	54,7	14,26	11,8	5,16
2124,5	5140	54,2	15,69	12,94	5,72
2134,5	5156	53,7	15,58	12,81	5,72
2144,5	4809	54,1	14,66	12,08	5,35
2154,5	4903	54,4	15,04	12,43	5,46
2164,5	4711	54	14,32	11,8	5,24
2174,5	4649	54,1	14,18	11,69	5,17
2184,5	5187	52,2	15,2	12,37	5,7
2194,5	4917	55,1	15,3	12,7	5,5
2204,5	4792	55,4	14,99	12,45	5,37
2214,5	5034	53,4	15,13	12,42	5,57
2224,5	5046	53,9	15,32	12,61	5,6
2234,5	4745	55,1	14,77	12,25	5,31
2244,5	4780	53,3	14,34	11,76	5,29
2254,5	4846	53,9	14,71	12,12	5,38
2264,5	5099	52,9	15,16	12,4	5,63
2274,5	4852	54,3	14,83	12,24	5,4
2284,5	4959	52,9	14,73	12,04	5,47
2294,5	4835	54	14,71	12,12	5,37
2304,5	5046	52,4	14,86	12,11	5,55
2314,5	5026	52,6	14,84	12,12	5,54
2324,5	4906	54,3	15	12,38	5,46
2334,5	4964	53	14,79	12,1	5,48
2344,5	4882	53,6	14,72	12,1	5,41
2354,5	5119	53,4	15,38	12,62	5,67
2364,5	5043	53,7	15,23	12,51	5,59
2374,5	5167	54,5	15,86	13,1	5,76
2384,5	5105	53,7	15,44	12,7	5,66
2394,5	5359	52,9	15,93	13,03	5,91
2404,5	5074	54,4	15,56	12,85	5,65
2414,5	5014	53,8	15,17	12,48	5,56
2424,5	4786	55,7	15,07	12,54	5,38
2434,5	4969	54,8	15,37	12,73	5,55
2444,5	4985	53,9	15,13	12,46	5,54
2454,5	5243	52,2	15,34	12,49	5,76
2464,5	4738	56	15	12,51	5,33
2474,5	5008	52,6	14,78	12,06	5,52
2484,5	4901	53,7	14,8	12,16	5,43
2494,5	5121	52,2	14,99	12,2	5,62
2504,5	4764	55,5	14,95	12,43	5,35
2514,5	5046	53,1	15,06	12,34	5,58
2524,5	5083	52,8	15,08	12,33	5,61
2534,5	4913	54,4	15,06	12,44	5,47
2544,5	4799	54,9	14,86	12,31	5,36
2554,5	5020	52,3	14,72	11,99	5,52
2564,5	4689	55,7	14,74	12,27	5,26
2574,5	5553	49,1	15,19	12,08	5,98
2584,5	4760	53,9	14,44	11,89	5,29
2594,5	4613	56,2	14,66	12,24	5,2
2604,5	4714	54,1	14,36	11,83	5,24
2614,5	4985	53,3	14,93	12,25	5,52
2624,5	4909	54,2	14,99	12,37	5,46
2634,5	4738	54,6	14,59	12,07	5,29
2644,5	4821	52,4	14,18	11,57	5,3
2654,5	5005	53,3	15,01	12,31	5,54
2664,5	4829	55,1	15,01	12,44	5,4
2674,5	4739	55,7	14,91	12,41	5,32
2684,5	4964	54,4	15,22	12,57	5,53
2694,5	4798	54,7	14,8	12,25	5,36
2704,5	4967	54	15,1	12,44	5,52
2714,5	5134	53,6	15,48	12,72	5,69
2724,5	4888	55,4	15,28	12,7	5,48
2734,5	5116	54,5	15,7	12,97	5,7
2744,5	4976	55	15,45	12,8	5,56
2754,5	5342	54,1	16,28	13,42	5,94
2764,5	5311	54,3	16,24	13,4	5,91
2774,5	5292	54,8	16,34	13,53	5,91
2784,5	5342	56	16,93	14,11	6,01
2794,5	5414	55,3	16,91	14,04	6,06
2804,5	5211	56,6	16,69	13,96	5,88
2814,5	5059	56,5	16,19	13,54	5,71
2824,5	5038	55,5	15,81	13,15	5,65
2834,5	5088	54,6	15,65	12,94	5,67
2844,5	5347	53,3	16,04	13,15	5,92
2854,5	5231	53,1	15,61	12,78	5,78
2864,5	5216	52,7	15,42	12,59	5,75
2874,5	5412	51,2	15,52	12,55	5,91
2884,5	5716	48,8	15,52	12,32	6,14
2894,5	5290	51,2	15,16	12,25	5,77
2904,5	5319	51,5	15,36	12,45	5,82
2914,5	5263	52,6	15,56	12,7	5,8
2924,5	5408	52,3	15,87	12,92	5,95
2934,5	5174	53,7	15,63	12,85	5,74
2944,5	6037	47,4	15,87	12,45	6,42
2954,5	6075	46,8	15,78	12,33	6,44
2964,5	6004	46,9	15,62	12,22	6,37
2974,5	6022	46,5	15,5	12,07	6,36
2984,5	6014	46,9	15,63	12,22	6,37
2994,5	5734	48,7	15,56	12,35	6,16
3004,5	5470	50,6	15,47	12,46	5,95
3014,5	5727	48,5	15,46	12,24	6,14
3024,5	5369	50,6	15,18	12,21	5,84
3034,5	5373	50,5	15,18	12,22	5,84
3044,5	5367	50,8	15,24	12,28	5,84
3054,5	5384	51	15,35	12,39	5,87
3064,5	5143	54,1	15,66	12,9	5,72
3074,5	5103	53,8	15,44	12,7	5,66
3084,5	5326	52,2	15,59	12,69	5,85
3094,5	5003	53,7	15,11	12,43	5,55
3104,5	5198	52,5	15,32	12,5	5,72
3114,5	5278	52,1	15,44	12,56	5,8
3124,5	5111	55,3	15,97	13,26	5,73
3134,5	5212	52,9	15,48	12,65	5,75
3144,5	5411	51,2	15,5	12,53	5,91
3154,5	5168	53,6	15,59	12,81	5,73
3164,5	4857	55,9	15,34	12,78	5,46
3174,5	5076	55,1	15,77	13,08	5,68
3184,5	4896	55,7	15,42	12,84	5,5
3194,5	5242	52,7	15,51	12,67	5,78
3204,5	5232	53,5	15,74	12,92	5,79
3214,5	5512	52	16,08	13,07	6,05
3224,5	5070	54,6	15,61	12,91	5,66
3234,5	5535	50,9	15,77	12,72	6,03
3244,5	6370	43,9	15,38	11,69	6,6
3254,5	7334	40,9	16,4	12,09	7,41
