[miniDiSC java tool version 2 output file]
[Data recorded with miniDiSC SN101607 running firmware 3,42]
[File start date: 2021.10.04]
[File start time: 08:08:50]

Time	Number	Size	LDSA	Filter	Diff	
4,5	3420	92,7	18,95	17,81	4,72
14,5	4035	78,6	18,61	16,96	5,16
24,5	4835	67,5	18,83	16,58	5,81
34,5	4818	69,5	19,39	17,19	5,86
44,5	4927	68,2	19,42	17,13	5,95
54,5	4617	70,8	18,98	16,9	5,66
64,5	4807	68,6	19,07	16,85	5,82
74,5	4982	67,6	19,43	17,11	5,99
84,5	5103	66,8	19,64	17,23	6,11
94,5	5142	66,1	19,58	17,14	6,13
104,5	5068	66,8	19,51	17,13	6,07
114,5	5204	65	19,43	16,93	6,17
124,5	5013	66,9	19,34	16,99	6,01
134,5	4773	68,7	18,96	16,77	5,78
144,5	4986	66,9	19,22	16,87	5,97
154,5	4999	66,3	19,08	16,71	5,97
164,5	4882	67,5	19	16,72	5,87
174,5	4796	68,4	18,97	16,75	5,8
184,5	4810	68	18,88	16,65	5,8
194,5	4510	70,5	18,45	16,42	5,52
204,5	3501	77,8	15,97	14,53	4,46
214,5	3526	77,5	16,01	14,56	4,48
224,5	3455	78,6	15,94	14,53	4,42
234,5	3465	77,6	15,75	14,33	4,41
244,5	3288	80,2	15,52	14,21	4,24
254,5	3317	78,6	15,29	13,95	4,24
264,5	3236	79,7	15,16	13,87	4,16
274,5	3282	78,9	15,2	13,87	4,2
284,5	3587	74,6	15,61	14,08	4,49
294,5	5254	65,8	19,9	17,4	6,26
304,5	6064	62	21,51	18,5	7,07
314,5	5232	66,3	19,97	17,5	6,25
324,5	4787	69,5	19,26	17,08	5,82
334,5	5154	67,1	19,94	17,52	6,18
344,5	4963	68,6	19,68	17,39	6
354,5	5148	66,6	19,76	17,33	6,16
364,5	4947	68,5	19,6	17,32	5,98
374,5	4919	69,2	19,7	17,45	5,97
384,5	5139	67,7	20,09	17,69	6,19
394,5	5043	68	19,8	17,45	6,08
404,5	5427	65,6	20,47	17,88	6,45
414,5	5733	63,1	20,72	17,91	6,72
424,5	3725	77,8	17	15,46	4,74
434,5	2781	85,1	14,02	12,99	3,69
444,5	2579	88,6	13,6	12,69	3,48
454,5	2723	85	13,71	12,7	3,61
464,5	2719	84,8	13,65	12,63	3,6
474,5	2720	84,1	13,53	12,5	3,58
484,5	2536	88,7	13,37	12,48	3,42
494,5	4892	63,6	17,83	15,44	5,75
504,5	5127	63,8	18,77	16,28	6,04
514,5	5371	62,6	19,23	16,58	6,28
524,5	5303	63	19,13	16,52	6,21
534,5	5703	60,9	19,82	16,95	6,6
544,5	6028	59,1	20,24	17,16	6,9
554,5	6177	59	20,73	17,57	7,07
564,5	6759	56,2	21,49	17,93	7,61
574,5	7208	55,1	22,4	18,56	8,06
584,5	7226	54,7	22,29	18,44	8,06
594,5	7339	54,8	22,7	18,78	8,19
604,5	7168	56,3	22,81	19,04	8,07
614,5	7493	54,7	23,1	19,09	8,36
624,5	7133	55,8	22,48	18,71	8,01
634,5	7093	55,6	22,28	18,52	7,96
644,5	7212	54,8	22,3	18,45	8,05
654,5	3794	73,3	16,2	14,55	4,71
664,5	3915	67,9	15,35	13,54	4,72
674,5	3135	80,1	14,76	13,52	4,04
684,5	3175	78,6	14,63	13,34	4,06
694,5	2966	81,5	14,24	13,08	3,85
704,5	3170	77,2	14,33	13,02	4,02
714,5	2972	81	14,17	13	3,85
724,5	3001	81,7	14,44	13,27	3,9
734,5	2988	80,9	14,23	13,05	3,87
744,5	3070	79,8	14,41	13,18	3,95
754,5	6112	57,2	19,82	16,63	6,93
764,5	6371	57,1	20,62	17,29	7,21
774,5	6143	58,8	20,54	17,39	7,03
784,5	5987	60	20,45	17,42	6,9
794,5	6079	58,8	20,31	17,19	6,95
804,5	5782	61,2	20,21	17,32	6,71
814,5	5714	61,1	19,95	17,09	6,63
824,5	5712	61,1	19,91	17,04	6,62
834,5	5534	62,3	19,72	16,99	6,46
844,5	5841	60,2	20,06	17,11	6,74
854,5	5538	62,2	19,69	16,94	6,46
864,5	5575	62	19,76	16,99	6,5
874,5	5640	61,7	19,87	17,06	6,56
884,5	5660	61,4	19,84	17,01	6,57
894,5	5460	62,8	19,65	16,97	6,39
904,5	5293	65	19,76	17,21	6,27
914,5	5356	64,2	19,75	17,15	6,32
924,5	5189	66,7	19,96	17,52	6,21
934,5	5319	64,8	19,8	17,24	6,3
944,5	5436	63,7	19,86	17,21	6,4
954,5	5430	64,2	20,02	17,39	6,41
964,5	5364	64,6	19,91	17,32	6,35
974,5	5649	64,4	20,9	18,17	6,67
984,5	5607	66,5	21,48	18,82	6,7
994,5	4980	69,9	20,18	17,91	6,07
1004,5	5113	68,5	20,24	17,88	6,18
1014,5	5098	68,7	20,25	17,9	6,17
1024,5	5097	68,6	20,22	17,87	6,17
1034,5	5031	68,6	19,94	17,61	6,08
1044,5	4863	70	19,73	17,52	5,93
1054,5	4991	68,7	19,82	17,52	6,04
1064,5	4959	68,2	19,53	17,23	5,98
1074,5	4947	68,4	19,56	17,28	5,98
1084,5	4701	70,3	19,14	17,02	5,74
1094,5	4365	73,4	18,67	16,77	5,43
1104,5	4677	69,9	18,95	16,83	5,7
1114,5	2231	91	12,12	11,36	3,05
1124,5	2382	77,3	10,8	9,81	3,03
1134,5	1714	92,2	9,44	8,87	2,36
1144,5	1561	92,9	8,67	8,16	2,16
1154,5	1554	88,3	8,17	7,62	2,1
1164,5	1572	89,7	8,4	7,86	2,14
1174,5	1514	90	8,12	7,6	2,06
1184,5	1618	86	8,25	7,66	2,15
1194,5	1522	88,8	8,04	7,51	2,06
1204,5	1690	80,4	7,99	7,33	2,18
1214,5	1323	96,9	7,7	7,3	1,87
1224,5	1330	95,4	7,61	7,19	1,86
1234,5	1397	91,9	7,67	7,2	1,92
1244,5	1541	83,4	7,59	7,01	2,02
1254,5	2959	68,6	11,75	10,39	3,58
1264,5	3642	73,3	15,55	13,97	4,52
1274,5	3904	71,6	16,24	14,51	4,8
1284,5	4769	64,5	17,68	15,38	5,64
1294,5	5041	63	18,2	15,73	5,91
1304,5	4682	67	18,1	15,91	5,62
1314,5	4564	66,7	17,54	15,39	5,46
1324,5	5066	62,6	18,14	15,64	5,92
1334,5	4697	65,6	17,71	15,47	5,59
1344,5	4589	66	17,44	15,26	5,47
1354,5	4508	67	17,43	15,32	5,41
1364,5	3424	74,6	14,91	13,45	4,28
1374,5	2332	90,2	12,53	11,73	3,18
1384,5	2425	86,5	12,44	11,56	3,24
1394,5	2345	88	12,27	11,44	3,16
1404,5	2323	86,7	11,94	11,1	3,1
1414,5	2330	86,3	11,92	11,07	3,11
1424,5	2135	91,8	11,71	10,99	2,93
1434,5	2279	86,4	11,68	10,85	3,04
1444,5	2103	90,2	11,31	10,58	2,86
1454,5	2269	84,4	11,32	10,47	2,99
1464,5	3045	75,5	13,44	12,16	3,83
1474,5	3592	73	15,27	13,71	4,46
1484,5	3710	70,4	15,14	13,47	4,53
1494,5	3595	73,3	15,36	13,79	4,47
1504,5	3950	67,4	15,35	13,51	4,75
1514,5	3520	73,8	15,15	13,63	4,39
1524,5	3473	75,1	15,22	13,75	4,36
1534,5	3638	72,3	15,3	13,7	4,49
1544,5	3786	71,2	15,64	13,95	4,65
1554,5	3764	71,5	15,64	13,97	4,63
1564,5	3801	70,4	15,51	13,8	4,65
1574,5	3820	70,1	15,51	13,78	4,66
1584,5	3484	74,2	15,08	13,59	4,35
1594,5	3366	74,3	14,59	13,15	4,2
1604,5	3157	76,7	14,18	12,87	4
1614,5	2899	81,4	13,91	12,78	3,77
1624,5	2797	83,7	13,83	12,77	3,68
1634,5	3090	77	13,93	12,65	3,92
1644,5	2986	77,7	13,59	12,36	3,8
1654,5	2853	80,1	13,44	12,3	3,68
1664,5	4370	65,8	16,54	14,47	5,2
1674,5	5587	59,6	18,96	16,12	6,42
1684,5	5426	61,2	18,95	16,23	6,29
1694,5	5393	61,2	18,83	16,13	6,25
1704,5	5743	58,3	19,02	16,06	6,55
1714,5	5614	59	18,82	15,95	6,43
1724,5	5605	59,8	19,09	16,25	6,45
1734,5	5629	58,4	18,66	15,76	6,42
1744,5	6171	55,3	19,26	15,98	6,91
1754,5	5824	57,6	19,03	16,01	6,62
1764,5	2934	70,9	12,08	10,77	3,6
1774,5	1745	82,6	8,5	7,84	2,28
1784,5	928	110,5	6,25	6,03	1,4
1794,5	981	97,3	5,74	5,44	1,39
1804,5	842	107,3	5,49	5,28	1,25
1814,5	869	103,3	5,43	5,2	1,27
1824,5	961	96,9	5,59	5,3	1,36
1834,5	932	101,5	5,71	5,45	1,35
1844,5	1004	95,2	5,73	5,41	1,4
1854,5	4172	59,9	14,22	12,11	4,8
1864,5	4284	68,4	16,93	14,96	5,18
1874,5	3975	71	16,37	14,59	4,87
1884,5	3914	71,1	16,16	14,41	4,8
1894,5	3817	72,8	16,18	14,51	4,73
1904,5	3930	71,1	16,21	14,45	4,82
1914,5	3972	71,3	16,44	14,67	4,88
1924,5	3958	70,7	16,25	14,47	4,85
1934,5	3911	71,8	16,31	14,57	4,82
1944,5	3873	71,9	16,18	14,46	4,77
1954,5	3878	72,3	16,31	14,6	4,79
1964,5	3998	71,7	16,64	14,87	4,92
1974,5	4005	70,8	16,46	14,66	4,91
1984,5	3723	74,8	16,26	14,67	4,66
1994,5	3920	73,1	16,67	14,96	4,86
2004,5	3787	75,1	16,6	14,98	4,75
2014,5	3697	75,1	16,21	14,64	4,64
2024,5	2519	87,2	13,04	12,13	3,38
2034,5	2409	89,1	12,78	11,94	3,26
2044,5	2425	87,1	12,54	11,66	3,25
2054,5	2388	85,6	12,11	11,23	3,17
2064,5	2353	86,4	12,05	11,2	3,14
2074,5	2056	93,9	11,56	10,89	2,86
2084,5	2396	85,1	12,08	11,19	3,17
2094,5	2530	82,6	12,32	11,35	3,31
2104,5	2475	84,9	12,44	11,52	3,28
2114,5	2527	84,4	12,62	11,68	3,34
2124,5	2792	80,3	13,19	12,09	3,6
2134,5	2046	98,9	12,19	11,58	2,92
