[miniDiSC java tool version 2 output file]
[Data recorded with miniDiSC SN101607 running firmware 3,42]
[File start date: 2021.10.01]
[File start time: 09:09:15]

Time	Number	Size	LDSA	Filter	Diff	
4,5	3800	41,9	8,72	6,51	3,87
14,5	4087	40,2	8,96	6,55	4,11
24,5	4317	41	9,66	7,13	4,37
34,5	3716	43,2	8,83	6,67	3,83
44,5	4009	41,7	9,16	6,82	4,08
54,5	4156	39,3	8,89	6,44	4,14
64,5	4435	39,9	9,64	7,03	4,44
74,5	4201	39,8	9,12	6,64	4,21
84,5	4449	40,5	9,84	7,22	4,48
94,5	4543	41,8	10,39	7,74	4,63
104,5	4159	41,3	9,4	6,96	4,22
114,5	4382	39,7	9,48	6,9	4,38
124,5	3852	42	8,86	6,61	3,93
134,5	2686	46,1	6,85	5,32	2,83
144,5	2625	45,1	6,54	5,04	2,75
154,5	2519	45,6	6,35	4,91	2,65
164,5	1928	50,1	5,4	4,33	2,09
174,5	2281	48,2	6,12	4,84	2,44
184,5	2256	46,8	5,86	4,58	2,39
194,5	2192	48	5,84	4,61	2,34
204,5	2006	49,9	5,59	4,48	2,17
214,5	2089	48,9	5,69	4,52	2,25
224,5	2048	49,2	5,61	4,47	2,21
234,5	2043	49,5	5,64	4,51	2,21
244,5	2014	49,5	5,56	4,44	2,17
254,5	2020	49,1	5,53	4,4	2,18
264,5	1942	51,2	5,57	4,51	2,12
274,5	1752	53,2	5,24	4,3	1,94
284,5	3978	44,8	9,84	7,56	4,15
294,5	4407	46	11,21	8,7	4,64
304,5	4345	47,1	11,36	8,9	4,61
314,5	4132	49,7	11,46	9,17	4,47
324,5	4317	49,3	11,88	9,47	4,66
334,5	4276	48,9	11,63	9,24	4,6
344,5	4336	49,9	12,07	9,67	4,69
354,5	4252	49	11,61	9,24	4,57
364,5	4042	49	11,02	8,77	4,35
374,5	4236	46,9	11,01	8,61	4,49
384,5	4149	49,7	11,51	9,21	4,49
394,5	4173	49,4	11,51	9,18	4,5
404,5	4421	50,4	12,46	10,02	4,8
414,5	4395	49,6	12,16	9,71	4,75
424,5	4303	50	12,01	9,62	4,66
434,5	4325	49,7	12	9,6	4,68
444,5	4108	49,6	11,36	9,08	4,44
454,5	4311	46,3	11,06	8,61	4,55
464,5	2785	51,5	8,04	6,52	3,05
474,5	2387	51,5	6,89	5,59	2,61
484,5	2084	53	6,21	5,08	2,3
494,5	2039	53,8	6,18	5,09	2,26
504,5	2066	53,7	6,24	5,14	2,29
514,5	1993	55	6,18	5,13	2,23
524,5	1964	56,1	6,23	5,21	2,21
534,5	2410	52,4	7,09	5,78	2,65
544,5	3952	52,3	11,59	9,45	4,35
554,5	3665	53	10,92	8,95	4,05
564,5	3884	51,7	11,26	9,14	4,26
574,5	3829	52,9	11,37	9,3	4,23
584,5	3605	53,4	10,83	8,89	3,99
594,5	3935	51,6	11,37	9,22	4,31
604,5	3824	53,5	11,51	9,45	4,24
614,5	3761	53,7	11,35	9,34	4,17
624,5	3888	52,7	11,51	9,41	4,29
634,5	4188	49,6	11,6	9,27	4,52
644,5	3926	51,5	11,32	9,17	4,29
654,5	3847	52,5	11,35	9,26	4,24
664,5	4391	48,9	11,97	9,52	4,72
674,5	4043	51,3	11,61	9,4	4,42
684,5	3725	54	11,34	9,34	4,14
694,5	3804	51,7	11,02	8,95	4,17
704,5	3959	49,6	10,95	8,75	4,28
714,5	3802	51,4	10,95	8,87	4,16
724,5	3898	50,8	11,08	8,93	4,24
734,5	4118	51	11,75	9,49	4,49
744,5	3894	53,5	11,72	9,62	4,31
754,5	3834	55,8	12,1	10,09	4,31
764,5	2687	63,8	9,84	8,54	3,17
774,5	1481	61,8	5,24	4,51	1,73
784,5	1351	64	4,97	4,31	1,59
794,5	1341	62	4,75	4,09	1,56
804,5	1312	62,2	4,67	4,02	1,53
814,5	1238	63,1	4,48	3,87	1,45
824,5	1251	64,9	4,67	4,07	1,48
834,5	998	79,7	4,67	4,28	1,28
844,5	1224	61,5	4,3	3,7	1,42
854,5	3583	46,5	9,22	7,18	3,79
864,5	4225	47,5	11,14	8,75	4,5
874,5	4035	48,2	10,81	8,54	4,32
884,5	3878	49,6	10,74	8,59	4,19
894,5	3870	48,6	10,46	8,29	4,15
904,5	3926	49,7	10,89	8,71	4,24
914,5	4185	48,1	11,2	8,85	4,48
924,5	4335	48,4	11,68	9,25	4,65
934,5	4444	48,2	11,91	9,41	4,75
944,5	4744	46,2	12,12	9,42	5
954,5	4412	48,6	11,94	9,47	4,73
964,5	4588	47,1	11,99	9,4	4,87
974,5	4357	47,9	11,6	9,14	4,65
984,5	4329	48,7	11,74	9,32	4,65
994,5	4424	47,4	11,65	9,15	4,71
1004,5	4558	47	11,89	9,31	4,84
1014,5	4429	47,9	11,8	9,3	4,73
1024,5	4393	47,7	11,64	9,17	4,68
1034,5	3580	50,2	10,04	8,06	3,88
1044,5	2173	63,4	7,9	6,85	2,55
1054,5	1984	63,4	7,21	6,25	2,33
1064,5	1873	66,3	7,15	6,27	2,24
1074,5	1824	67,8	7,14	6,3	2,2
1084,5	2023	63	7,3	6,32	2,37
1094,5	1799	68,4	7,12	6,29	2,18
1104,5	1902	64,3	7,02	6,11	2,25
1114,5	1873	62,7	6,73	5,81	2,19
1124,5	2068	60,7	7,16	6,13	2,39
1134,5	1949	63,7	7,12	6,18	2,29
1144,5	2075	58,7	6,92	5,86	2,37
1154,5	3379	45,9	8,57	6,64	3,56
1164,5	4358	42,9	10,26	7,73	4,48
1174,5	4121	42,9	9,72	7,32	4,24
1184,5	4086	42,1	9,43	7,04	4,17
1194,5	3959	43,2	9,4	7,11	4,08
1204,5	4024	43,1	9,53	7,19	4,14
1214,5	3912	44,1	9,5	7,24	4,06
1224,5	4126	43,1	9,76	7,36	4,25
1234,5	4023	43,8	9,7	7,37	4,17
1244,5	4310	42,2	9,97	7,45	4,41
1254,5	4059	43,7	9,75	7,41	4,2
1264,5	4034	43,9	9,75	7,42	4,18
1274,5	3985	43,6	9,55	7,24	4,12
1284,5	4099	42,6	9,58	7,19	4,2
1294,5	4122	43,3	9,81	7,42	4,25
1304,5	4220	42,7	9,89	7,44	4,33
1314,5	4096	43,3	9,74	7,36	4,22
1324,5	4100	42,7	9,6	7,21	4,21
1334,5	3945	43,6	9,46	7,17	4,08
1344,5	4192	41,2	9,45	6,99	4,25
1354,5	4033	42,3	9,35	7	4,13
1364,5	4744	38,8	10,01	7,2	4,7
1374,5	3904	43,2	9,28	7,01	4,03
1384,5	3883	44,3	9,47	7,23	4,04
1394,5	4046	43,9	9,78	7,45	4,19
1404,5	2115	56	6,7	5,59	2,38
1414,5	2507	52,1	7,33	5,97	2,75
1424,5	1864	58,9	6,24	5,29	2,13
1434,5	1554	61,6	5,47	4,7	1,81
1444,5	1490	62,9	5,37	4,64	1,75
1454,5	1277	68,3	5,04	4,45	1,54
1464,5	1555	58,9	5,21	4,41	1,78
1474,5	1482	61,2	5,18	4,45	1,72
1484,5	1454	61,1	5,07	4,35	1,69
1494,5	1576	57,3	5,12	4,31	1,79
1504,5	1528	59,3	5,16	4,38	1,75
1514,5	1590	58,1	5,25	4,43	1,81
1524,5	1205	67	4,66	4,1	1,45
1534,5	3177	50,4	8,95	7,2	3,45
1544,5	3732	52,5	11	8,98	4,11
1554,5	4065	49,7	11,27	9,01	4,39
1564,5	3816	51,6	11,04	8,95	4,18
1574,5	4148	48,2	11,11	8,78	4,44
1584,5	3447	56,8	11,09	9,29	3,9
1594,5	3287	54,8	10,15	8,41	3,67
1604,5	3555	53,3	10,66	8,75	3,94
1614,5	3242	55,5	10,17	8,46	3,64
1624,5	3268	54,6	10,07	8,33	3,65
1634,5	3329	53,5	10,02	8,23	3,69
1644,5	3484	52,4	10,25	8,36	3,83
1654,5	3389	53,9	10,29	8,47	3,77
1664,5	3565	52,2	10,45	8,51	3,92
1674,5	3339	53,2	9,99	8,19	3,69
1684,5	3475	51,2	9,97	8,06	3,79
1694,5	3293	54,2	10,05	8,29	3,66
1704,5	3467	52	10,11	8,22	3,81
1714,5	3269	54,1	9,95	8,2	3,63
1724,5	3170	54,2	9,67	7,98	3,53
1734,5	3218	54	9,78	8,06	3,58
1744,5	2318	57,9	7,62	6,43	2,64
1754,5	1980	60,7	6,86	5,87	2,29
1764,5	2804	54,6	8,63	7,14	3,13
1774,5	2320	61,5	8,15	7	2,7
1784,5	1850	62,7	6,65	5,74	2,17
1794,5	1744	63,5	6,35	5,5	2,05
1804,5	1665	64,4	6,15	5,35	1,97
1814,5	1664	62,3	5,93	5,11	1,94
1824,5	1442	68	5,67	5	1,74
1834,5	5347	48	14,27	11,26	5,71
1844,5	5741	52,8	17,04	13,93	6,33
1854,5	5534	53,6	16,7	13,72	6,13
1864,5	5508	51,9	16,03	13,02	6,04
1874,5	4136	58	13,61	11,47	4,71
1884,5	3908	54,5	12,01	9,92	4,36
1894,5	3748	55	11,62	9,64	4,19
1904,5	4257	50,1	11,92	9,57	4,62
1914,5	3556	54,5	10,92	9,02	3,96
1924,5	4411	51,8	12,8	10,39	4,83
1934,5	4424	54,7	13,64	11,29	4,94
1944,5	4628	52,2	13,55	11,03	5,08
1954,5	4595	52,5	13,55	11,05	5,06
1964,5	4191	54,2	12,81	10,57	4,67
1974,5	4162	51,3	11,97	9,69	4,55
1984,5	4105	50,6	11,6	9,34	4,46
1994,5	3017	56,9	9,73	8,16	3,41
2004,5	1616	66,6	6,21	5,45	1,94
2014,5	1571	65,2	5,89	5,14	1,87
2024,5	1718	64,2	6,34	5,51	2,03
2034,5	1736	63,6	6,33	5,49	2,04
2044,5	1584	67,6	6,19	5,45	1,91
2054,5	1557	66,7	5,98	5,26	1,86
2064,5	1534	66,5	5,88	5,16	1,84
2074,5	1500	67,3	5,83	5,13	1,8
2084,5	3443	49,7	9,55	7,64	3,72
2094,5	4115	50,6	11,64	9,37	4,47
2104,5	3933	53	11,71	9,59	4,34
2114,5	4185	51,7	12,12	9,84	4,58
2124,5	4195	50,3	11,8	9,48	4,55
2134,5	4128	52,4	12,15	9,9	4,54
2144,5	4013	53,9	12,17	10,02	4,46
2154,5	3615	54,2	11,04	9,11	4,02
2164,5	4117	52,7	12,18	9,95	4,54
2174,5	4348	50,8	12,36	9,96	4,74
2184,5	4101	53,5	12,35	10,14	4,54
2194,5	4113	52,1	12,02	9,78	4,52
2204,5	3826	49,5	10,57	8,45	4,13
2214,5	4678	44,3	11,43	8,73	4,86
2224,5	3994	48,8	10,85	8,62	4,29
2234,5	3814	51,3	10,95	8,86	4,17
2244,5	3825	51,3	10,98	8,89	4,18
2254,5	3938	50,6	11,15	8,98	4,28
2264,5	4015	49,7	11,13	8,91	4,34
2274,5	4162	50,5	11,75	9,45	4,52
2284,5	4070	51,8	11,82	9,6	4,46
2294,5	4174	50,8	11,85	9,56	4,54
2304,5	4044	51,4	11,65	9,44	4,42
2314,5	3731	52,9	11,1	9,08	4,12
2324,5	2639	57,8	8,66	7,3	3
2334,5	2430	57,4	7,91	6,65	2,76
2344,5	2174	61,5	7,64	6,57	2,53
2354,5	2156	60,2	7,4	6,31	2,49
2364,5	2220	59,5	7,52	6,4	2,55
2374,5	2255	60	7,71	6,58	2,6
2384,5	2663	58,7	8,88	7,52	3,05
2394,5	2517	61,7	8,87	7,63	2,93
2404,5	3372	52,3	9,9	8,07	3,71
2414,5	3354	54,7	10,35	8,57	3,75
2424,5	3309	54,5	10,17	8,41	3,69
2434,5	3483	53,2	10,42	8,54	3,85
2444,5	3302	55,9	10,43	8,7	3,71
2454,5	3279	56,5	10,5	8,78	3,7
2464,5	3489	54,1	10,62	8,76	3,88
2474,5	3325	56,5	10,63	8,89	3,75
2484,5	3533	53,6	10,66	8,76	3,92
2494,5	3468	55,8	10,95	9,12	3,9
2504,5	3081	58,9	10,32	8,75	3,53
2514,5	3257	55,7	10,26	8,54	3,66
2524,5	3618	53	10,77	8,82	4
2534,5	3440	54,8	10,64	8,82	3,84
2544,5	3340	55,3	10,42	8,66	3,74
2554,5	3507	53,5	10,55	8,66	3,88
2564,5	3411	54,2	10,41	8,59	3,8
2574,5	3263	56	10,34	8,63	3,67
2584,5	3362	54,3	10,28	8,49	3,74
2594,5	3611	52,6	10,67	8,72	3,98
2604,5	3476	54,1	10,59	8,73	3,87
2614,5	3477	55,1	10,82	8,98	3,89
2624,5	3429	55,1	10,67	8,85	3,84
2634,5	3565	52,1	10,43	8,49	3,92
2644,5	3407	55	10,58	8,78	3,81
2654,5	3453	53,9	10,47	8,62	3,84
2664,5	3579	53	10,67	8,74	3,95
2674,5	3556	53	10,6	8,68	3,93
2684,5	3759	51,8	10,91	8,86	4,12
2694,5	3407	56,5	10,89	9,11	3,85
2704,5	3546	53	10,57	8,66	3,92
2714,5	3378	55,1	10,51	8,72	3,78
2724,5	3493	53,4	10,49	8,62	3,87
2734,5	3418	54,5	10,5	8,68	3,81
2744,5	3333	55,2	10,38	8,61	3,73
2754,5	3176	54,8	9,82	8,14	3,55
2764,5	842	72,2	3,53	3,17	1,04
2774,5	683	75,8	3,03	2,75	0,86
2784,5	616	77,6	2,8	2,55	0,78
2794,5	672	72,1	2,82	2,52	0,83
2804,5	565	82,4	2,75	2,53	0,74
2814,5	603	79,1	2,81	2,57	0,77
2824,5	662	76,9	2,98	2,71	0,84
2834,5	917	63,4	3,34	2,89	1,08
2844,5	1181	57,3	3,84	3,23	1,34
2854,5	4263	47,9	11,36	8,96	4,55
2864,5	3758	52,5	11,07	9,03	4,14
2874,5	3674	52,3	10,78	8,78	4,04
2884,5	3862	51	11,03	8,91	4,21
2894,5	3854	51,2	11,05	8,94	4,21
2904,5	3939	49,7	10,93	8,74	4,26
2914,5	4119	48,1	11,01	8,69	4,4
2924,5	4038	48,4	10,89	8,62	4,33
2934,5	3903	49,3	10,72	8,54	4,21
2944,5	3838	49,9	10,68	8,55	4,15
2954,5	4067	47,9	10,84	8,55	4,34
2964,5	4015	49,4	11,07	8,84	4,33
2974,5	3810	52,8	11,29	9,23	4,2
2984,5	4196	49,3	11,53	9,2	4,52
2994,5	4070	51,2	11,66	9,42	4,44
3004,5	3910	52,2	11,45	9,32	4,3
3014,5	3910	51,9	11,39	9,26	4,29
3024,5	3800	52,7	11,24	9,18	4,19
3034,5	3971	51,4	11,42	9,25	4,34
3044,5	2632	56,2	8,37	6,99	2,97
3054,5	2407	54,3	7,37	6,09	2,68
3064,5	1867	60	6,39	5,45	2,15
3074,5	1727	59,8	5,89	5,02	1,99
3084,5	1816	57,8	5,95	5,02	2,07
3094,5	1693	60,8	5,88	5,03	1,96
3104,5	1735	59,9	5,93	5,05	2
3114,5	1648	63	5,95	5,15	1,93
3124,5	1864	60,9	6,47	5,54	2,16
3134,5	3705	49,2	10,16	8,1	3,99
3144,5	3732	51,7	10,82	8,79	4,09
3154,5	3642	50,8	10,36	8,36	3,97
3164,5	3679	52,5	10,84	8,85	4,05
3174,5	3419	53,2	10,23	8,39	3,78
3184,5	3821	50,5	10,78	8,67	4,15
3194,5	4136	48,7	11,22	8,9	4,44
3204,5	4461	50,3	12,55	10,08	4,84
3214,5	4456	51	12,72	10,27	4,86
3224,5	4204	51,6	12,15	9,85	4,6
3234,5	5190	46,4	13,35	10,4	5,48
3244,5	4116	52,1	12,02	9,78	4,52
3254,5	3914	54	11,9	9,81	4,35
3264,5	4352	51,5	12,54	10,16	4,76
3274,5	5675	46,8	14,73	11,5	6,01
3284,5	5619	46,3	14,39	11,19	5,93
3294,5	4362	50,4	12,28	9,87	4,74
3304,5	4455	48,8	12,1	9,61	4,79
3314,5	4458	48,6	12,05	9,55	4,78
3324,5	3509	52,8	10,4	8,5	3,87
3334,5	1233	64,9	4,6	4,01	1,46
3344,5	1084	67	4,19	3,69	1,3
3354,5	1454	54,1	4,43	3,66	1,62
3364,5	1218	61,4	4,27	3,67	1,42
3374,5	987	68,3	3,9	3,44	1,19
3384,5	1085	64,5	4,02	3,5	1,28
3394,5	1040	65,4	3,91	3,42	1,24
3404,5	1086	62,7	3,9	3,37	1,27
3414,5	1336	55,2	4,17	3,46	1,5
3424,5	2588	52,9	7,69	6,29	2,86
3434,5	2834	55,3	8,85	7,36	3,18
3444,5	3145	52,5	9,26	7,56	3,46
3454,5	2993	53,8	9,07	7,47	3,32
3464,5	3131	52,4	9,21	7,52	3,45
3474,5	3566	48,2	9,57	7,56	3,82
3484,5	3158	52,7	9,35	7,64	3,48
3494,5	2749	58,4	9,13	7,72	3,14
3504,5	2691	58,4	8,92	7,54	3,07
3514,5	2856	55,5	8,95	7,44	3,2
3524,5	2893	54,9	8,96	7,42	3,23
3534,5	2894	54,5	8,9	7,36	3,23
3604,5	2868	52,9	8,53	6,98	3,17
3614,5	2751	55,9	8,69	7,25	3,09
3624,5	2650	57,5	8,64	7,27	3,01
3634,5	3032	51,8	8,81	7,15	3,32
3644,5	2151	59,8	7,33	6,24	2,48
3654,5	1730	64,5	6,41	5,59	2,05
3664,5	1363	75,9	6,05	5,48	1,72
