[miniDiSC java tool version 2 output file]
[Data recorded with miniDiSC SN101607 running firmware 3,42]
[File start date: 2021.09.27]
[File start time: 17:27:54]

Time	Number	Size	LDSA	Filter	Diff	
4,5	1808	59,2	6,09	5,17	2,07
14,5	4228	37,5	8,57	6,06	4,14
24,5	3799	39,1	8,08	5,83	3,78
34,5	5689	33,3	10,11	6,72	5,31
44,5	11172	26,6	15,49	9,02	9,4
54,5	5581	40,2	12,24	8,96	5,61
64,5	4598	45,5	11,57	8,94	4,82
74,5	4872	43,4	11,63	8,81	5,03
84,5	4105	48,9	11,17	8,88	4,41
94,5	4079	47,7	10,82	8,52	4,35
104,5	3786	49,4	10,42	8,31	4,08
114,5	4115	47,6	10,88	8,56	4,38
124,5	3848	49,4	10,59	8,45	4,15
134,5	4004	47,4	10,53	8,26	4,26
144,5	3807	50,3	10,7	8,6	4,13
154,5	3984	49,1	10,91	8,69	4,29
164,5	3823	49,8	10,62	8,5	4,13
174,5	3762	50,2	10,55	8,47	4,08
184,5	3469	54,5	10,66	8,82	3,87
194,5	3545	53,2	10,6	8,69	3,92
204,5	3658	51	10,44	8,44	3,99
214,5	3447	54,1	10,51	8,67	3,84
224,5	3604	52,3	10,57	8,61	3,96
234,5	3514	53	10,46	8,57	3,88
244,5	3460	53	10,31	8,44	3,82
254,5	3481	52,6	10,28	8,39	3,83
264,5	3324	54,3	10,17	8,4	3,7
274,5	3293	53,5	9,91	8,15	3,65
284,5	3386	53,8	10,25	8,44	3,76
294,5	3447	53	10,27	8,42	3,81
304,5	3493	51,6	10,11	8,2	3,82
314,5	3572	50,1	10,01	8,03	3,87
324,5	3403	51,7	9,87	8,01	3,73
334,5	3335	51,5	9,63	7,81	3,65
344,5	3717	49,8	10,34	8,28	4,02
354,5	3450	52	10,05	8,18	3,79
364,5	3593	50,7	10,19	8,21	3,91
374,5	3704	50,4	10,44	8,4	4,02
384,5	3722	50,5	10,52	8,47	4,05
394,5	3954	48,2	10,59	8,37	4,23
404,5	3825	49,1	10,47	8,34	4,12
414,5	3992	48	10,65	8,41	4,27
424,5	3697	50,2	10,38	8,33	4,01
434,5	3976	47,6	10,51	8,27	4,24
444,5	3958	47,5	10,43	8,2	4,21
454,5	3826	48,4	10,31	8,17	4,1
464,5	3823	48,6	10,34	8,2	4,1
474,5	3976	47,1	10,4	8,15	4,22
484,5	3834	48,4	10,31	8,16	4,11
494,5	3792	48,6	10,25	8,13	4,07
504,5	3811	48,9	10,38	8,25	4,1
514,5	4015	48,3	10,79	8,53	4,3
524,5	3979	47,7	10,54	8,29	4,24
534,5	3721	50	10,38	8,32	4,03
544,5	3650	50,1	10,22	8,2	3,96
554,5	3962	47,4	10,43	8,19	4,22
564,5	3949	47,8	10,49	8,27	4,21
574,5	4450	44,2	10,84	8,28	4,62
584,5	4322	45,8	10,96	8,49	4,55
594,5	4660	44,4	11,42	8,73	4,85
604,5	4555	44,6	11,19	8,57	4,74
614,5	4779	43,6	11,47	8,71	4,94
624,5	4598	44,3	11,22	8,56	4,78
634,5	4660	44,7	11,47	8,79	4,86
644,5	4287	45,6	10,8	8,34	4,5
654,5	3917	47,5	10,33	8,12	4,17
664,5	4122	46,2	10,55	8,21	4,35
674,5	3939	48,2	10,55	8,34	4,21
684,5	3972	47,7	10,53	8,29	4,24
694,5	4117	46,7	10,66	8,32	4,36
704,5	3962	48,4	10,66	8,44	4,24
714,5	3870	49,8	10,76	8,61	4,19
724,5	3881	48,4	10,44	8,26	4,16
734,5	3972	47,9	10,57	8,33	4,24
744,5	4004	48,9	10,91	8,67	4,3
754,5	3994	48,4	10,76	8,52	4,28
764,5	3759	50,1	10,51	8,43	4,07
774,5	3851	49,5	10,63	8,49	4,16
784,5	3556	50,3	9,99	8,02	3,86
794,5	3729	49,2	10,24	8,16	4,02
804,5	3969	49	10,83	8,61	4,27
814,5	3876	49,9	10,79	8,64	4,19
824,5	3975	48,6	10,76	8,53	4,27
834,5	4010	49,2	10,99	8,76	4,32
844,5	4027	48,3	10,81	8,55	4,31
854,5	4498	45,3	11,25	8,67	4,71
864,5	4437	45,4	11,13	8,59	4,65
874,5	4328	46,2	11,07	8,6	4,56
884,5	4624	45,7	11,7	9,06	4,86
894,5	4452	46,3	11,42	8,88	4,7
904,5	4158	48	11,09	8,75	4,44
914,5	4117	47,3	10,81	8,48	4,38
924,5	3929	48,9	10,71	8,51	4,23
934,5	3994	49,9	11,13	8,91	4,32
944,5	3810	50,9	10,85	8,75	4,15
954,5	4032	49,6	11,17	8,93	4,36
964,5	4262	47,6	11,26	8,86	4,54
974,5	4149	48,1	11,1	8,77	4,44
984,5	4061	48,2	10,89	8,61	4,35
994,5	4047	49,2	11,09	8,84	4,36
1004,5	4288	48,9	11,67	9,27	4,61
1014,5	4292	49,2	11,77	9,38	4,62
1024,5	4437	47,9	11,81	9,31	4,74
1034,5	4385	47,8	11,64	9,16	4,68
1044,5	4122	50,1	11,54	9,25	4,47
1054,5	4250	48,6	11,51	9,13	4,56
1064,5	4022	49,9	11,2	8,97	4,35
1074,5	4162	48	11,1	8,76	4,45
1084,5	4135	48,4	11,15	8,83	4,43
1094,5	3955	49,4	10,91	8,71	4,27
1104,5	4194	47,6	11,08	8,72	4,47
1114,5	4052	49,2	11,12	8,86	4,37
1124,5	4050	49,2	11,12	8,86	4,36
1134,5	4290	47,7	11,36	8,95	4,57
1144,5	3896	50,2	10,92	8,76	4,22
1154,5	3883	50,6	10,99	8,85	4,22
1164,5	3745	51,4	10,78	8,73	4,09
1174,5	3949	49,2	10,84	8,64	4,26
1184,5	4059	48,8	11,03	8,76	4,36
1194,5	4023	49,3	11,05	8,8	4,34
1204,5	3173	50,1	8,88	7,13	3,44
1214,5	2753	50,2	7,72	6,2	2,99
1224,5	2129	58,8	7,11	6,03	2,44
1234,5	1998	60,3	6,86	5,86	2,31
1244,5	1920	60,8	6,66	5,7	2,22
1254,5	1939	60,1	6,64	5,67	2,24
1264,5	1963	59,5	6,66	5,66	2,26
1274,5	1924	59,6	6,53	5,55	2,21
1284,5	1985	57,8	6,51	5,49	2,26
1294,5	1739	62,8	6,25	5,4	2,04
1304,5	3866	48,3	10,38	8,21	4,14
1314,5	4004	48,9	10,91	8,67	4,3
1324,5	4062	49	11,1	8,83	4,37
1334,5	3968	49,6	10,99	8,79	4,29
1344,5	4081	48,3	10,96	8,67	4,37
1354,5	4207	47,4	11,08	8,7	4,48
1364,5	3904	49,2	10,7	8,53	4,21
1374,5	3831	49,3	10,53	8,4	4,13
1384,5	4036	47,5	10,63	8,35	4,3
1394,5	3995	48,3	10,74	8,5	4,28
1404,5	3937	48,2	10,55	8,34	4,21
1414,5	4074	47,1	10,63	8,33	4,32
1424,5	4125	48	11,01	8,69	4,41
1434,5	3624	51,4	10,43	8,44	3,96
1444,5	3390	52,7	10,03	8,19	3,74
1454,5	2270	58,1	7,49	6,32	2,59
1464,5	1199	66,2	4,57	4,01	1,43
1474,5	1561	51,7	4,52	3,67	1,71
1484,5	990	74,8	4,33	3,91	1,24
1494,5	937	72,5	3,96	3,55	1,16
1504,5	987	65,9	3,74	3,28	1,18
1514,5	986	67,5	3,84	3,38	1,19
1524,5	1054	65,4	3,97	3,47	1,25
1534,5	1105	62,1	3,93	3,38	1,29
1544,5	985	71	4,06	3,62	1,21
1554,5	1082	62,3	3,86	3,33	1,26
1564,5	3440	44,7	8,48	6,5	3,59
1574,5	3452	46,3	8,85	6,89	3,64
1584,5	3179	48	8,48	6,69	3,4
1594,5	3520	45,7	8,9	6,89	3,7
1604,5	3529	46,4	9,06	7,05	3,73
1614,5	3414	47,7	9,04	7,12	3,64
1624,5	3486	46,8	9,04	7,06	3,69
1634,5	3603	47	9,39	7,35	3,82
1644,5	3683	46,8	9,56	7,47	3,9
1654,5	3722	46,2	9,52	7,4	3,93
1664,5	3556	46,6	9,17	7,15	3,76
1674,5	4243	39,9	9,23	6,73	4,25
1684,5	3728	44,5	9,14	7	3,88
1694,5	3518	46,9	9,14	7,14	3,73
1704,5	2404	53,7	7,26	5,97	2,67
1714,5	1613	59,5	5,46	4,64	1,85
1724,5	1494	61,3	5,24	4,5	1,74
1734,5	1518	61	5,28	4,53	1,76
1744,5	1410	60,3	4,85	4,14	1,63
1754,5	1476	59,6	5,01	4,27	1,7
1764,5	1462	60,8	5,07	4,34	1,69
1774,5	1281	61,9	4,54	3,9	1,49
1784,5	1447	60,3	4,97	4,25	1,67
1794,5	1432	59,1	4,82	4,09	1,64
1804,5	2321	51,1	6,64	5,37	2,53
1814,5	2990	48,4	8,05	6,38	3,2
1824,5	2907	50,2	8,15	6,55	3,15
1834,5	2931	54,6	9,01	7,46	3,27
1844,5	3884	49,5	10,72	8,56	4,19
1854,5	2493	53,9	7,56	6,23	2,77
1864,5	2816	48,6	7,62	6,04	3,02
1874,5	3553	51,3	10,22	8,27	3,88
1884,5	3322	53,5	10,01	8,22	3,68
1894,5	3112	54	9,47	7,81	3,46
1904,5	2730	53,6	8,23	6,77	3,03
1914,5	2884	51,5	8,32	6,74	3,15
1924,5	3269	50	9,12	7,31	3,54
1934,5	3092	48,3	8,31	6,57	3,31
1944,5	3193	48	8,53	6,73	3,41
1954,5	2845	49,8	7,91	6,33	3,08
1964,5	1053	68,2	4,15	3,67	1,27
1974,5	1140	61	3,97	3,4	1,32
1984,5	1179	59,7	4,01	3,41	1,36
1994,5	1070	61,6	3,76	3,24	1,24
2004,5	1081	60,5	3,73	3,19	1,25
2014,5	998	64	3,66	3,18	1,18
2024,5	1079	59,4	3,65	3,11	1,24
2034,5	3192	44,4	7,81	5,97	3,32
2044,5	3504	45,5	8,82	6,81	3,68
2054,5	3322	47,7	8,81	6,93	3,54
2064,5	3247	49,4	8,95	7,15	3,5
2074,5	6072	46,2	15,53	12,07	6,4
2084,5	4732	63,8	17,31	15	5,57
2094,5	5878	47,8	15,62	12,3	6,27
2104,5	5163	51	14,73	11,89	5,63
2114,5	3133	51,8	9,09	7,38	3,43
2124,5	2528	54,8	7,81	6,47	2,82
2134,5	2442	55	7,59	6,29	2,73
2144,5	2445	53,5	7,35	6,04	2,71
2154,5	2462	54,9	7,63	6,32	2,75
2164,5	2548	55,3	7,95	6,61	2,86
2174,5	2684	56	8,5	7,09	3,02
2184,5	2706	56,2	8,61	7,19	3,05
2194,5	2647	55,7	8,33	6,94	2,97
2204,5	2605	55,6	8,18	6,81	2,92
2214,5	2631	53,8	7,97	6,56	2,92
2224,5	2601	54,8	8,03	6,65	2,91
2234,5	2447	56,6	7,84	6,57	2,76
2244,5	2263	56,5	7,24	6,06	2,56
2254,5	1872	60,7	6,48	5,55	2,17
2264,5	2396	54,4	7,34	6,06	2,67
2274,5	2811	50	7,84	6,29	3,04
2284,5	2667	51,3	7,67	6,21	2,92
2294,5	2608	51	7,45	6,02	2,84
2304,5	2494	52,3	7,32	5,96	2,74
2314,5	2559	51,2	7,34	5,94	2,79
2324,5	3223	44,1	7,82	5,96	3,35
2334,5	2570	50,5	7,25	5,83	2,79
2344,5	2640	49,6	7,3	5,84	2,85
2354,5	2394	53,8	7,26	5,98	2,66
2364,5	2496	53,6	7,52	6,18	2,77
2374,5	2686	52,4	7,89	6,44	2,96
2384,5	2555	54,8	7,9	6,54	2,85
2394,5	1997	61,7	7,04	6,05	2,32
2404,5	1951	62,1	6,92	5,96	2,28
2414,5	1710	65,6	6,46	5,65	2,04
2424,5	1816	61,7	6,41	5,51	2,11
2434,5	1806	63,1	6,53	5,65	2,12
2444,5	1732	64	6,37	5,53	2,04
2454,5	1911	59,8	6,51	5,55	2,2
2464,5	1759	62,9	6,34	5,48	2,06
2474,5	1903	59,4	6,44	5,47	2,19
2484,5	1839	60,9	6,39	5,48	2,13
2494,5	1668	66,8	6,43	5,65	2
2504,5	1702	63,4	6,19	5,36	2
2514,5	1784	62,1	6,34	5,46	2,08
2524,5	2277	54	6,93	5,71	2,53
2534,5	2485	52,8	7,37	6,03	2,74
2544,5	2462	52,4	7,24	5,9	2,71
2554,5	2555	52,2	7,48	6,09	2,81
2564,5	2472	52,6	7,31	5,97	2,72
2574,5	3685	40,5	8,14	5,97	3,71
2584,5	19799	16,1	15,68	6,26	12,38
2594,5	2756	50	7,69	6,16	2,99
2604,5	2786	49,7	7,72	6,18	3,01
2614,5	2709	50,5	7,65	6,15	2,94
2624,5	2690	51,3	7,74	6,26	2,94
2634,5	2630	52,5	7,76	6,33	2,9
2644,5	2010	58,8	6,72	5,7	2,3
2654,5	1676	63,5	6,1	5,29	1,97
2664,5	1592	63,4	5,79	5,02	1,87
2674,5	1463	64,8	5,45	4,75	1,73
2684,5	1520	61,6	5,35	4,6	1,77
2694,5	1507	64,9	5,62	4,9	1,79
2704,5	1471	63,7	5,38	4,67	1,73
2714,5	1373	63,5	5	4,34	1,62
2724,5	2598	47,8	6,91	5,45	2,77
2734,5	4340	39,3	9,28	6,72	4,32
2744,5	3442	44,7	8,48	6,5	3,59
2754,5	3036	47,2	7,95	6,24	3,23
2764,5	3352	45,3	8,39	6,47	3,51
2774,5	3244	45,8	8,21	6,35	3,41
2784,5	3053	47,7	8,1	6,38	3,26
2794,5	3192	47,4	8,4	6,6	3,4
2804,5	3431	46	8,74	6,78	3,61
2814,5	3927	47,1	10,26	8,04	4,17
2824,5	3258	50,5	9,2	7,4	3,54
2834,5	2844	50,4	8,01	6,45	3,09
2844,5	2687	51,2	7,7	6,22	2,93
2854,5	2859	48,7	7,76	6,16	3,07
2864,5	2625	51,4	7,56	6,13	2,87
2874,5	1761	63,3	6,39	5,53	2,07
2884,5	1792	58,9	6	5,09	2,05
2894,5	1633	60,7	5,65	4,84	1,89
2904,5	1604	60,7	5,56	4,76	1,86
2914,5	1474	63,1	5,33	4,61	1,73
2924,5	1615	57,6	5,28	4,45	1,84
2934,5	1430	63,3	5,19	4,5	1,68
2944,5	1475	60,6	5,1	4,37	1,71
2954,5	1835	56,2	5,83	4,87	2,07
2964,5	2405	52,3	7,06	5,76	2,65
2974,5	2514	51,2	7,21	5,83	2,75
2984,5	2297	53,6	6,93	5,7	2,55
2994,5	2933	51,1	8,4	6,79	3,2
3004,5	2592	55,2	8,08	6,71	2,9
3014,5	2581	52,3	7,58	6,17	2,84
3024,5	2496	53,5	7,51	6,17	2,77
3034,5	2517	53,7	7,6	6,25	2,79
3044,5	2523	53,5	7,59	6,23	2,8
3054,5	2540	53,2	7,6	6,23	2,81
3064,5	2763	52,4	8,13	6,64	3,04
3074,5	2582	54	7,86	6,48	2,87
3084,5	2772	51,4	7,98	6,47	3,03
3094,5	2447	53,7	7,39	6,08	2,72
3104,5	883	69	3,53	3,13	1,07
3114,5	823	65,2	3,09	2,7	0,98
3124,5	813	56,3	2,59	2,16	0,92
3134,5	789	57,2	2,56	2,15	0,9
3144,5	557	71,7	2,32	2,08	0,69
3154,5	621	63,3	2,25	1,95	0,73
3164,5	504	67,1	1,95	1,72	0,61
3174,5	413	78,4	1,9	1,74	0,53
3184,5	491	68,6	1,95	1,73	0,59
3194,5	549	64,1	2,02	1,76	0,65
3204,5	763	56,3	2,43	2,03	0,86
3214,5	2080	51,9	6,05	4,92	2,28
3224,5	2234	53,8	6,77	5,57	2,48
3234,5	2373	53,7	7,17	5,9	2,63
3244,5	2418	53	7,2	5,9	2,67
3254,5	2401	53,3	7,2	5,91	2,66
3264,5	2429	52,7	7,2	5,88	2,68
3274,5	2463	52,4	7,25	5,91	2,71
3284,5	2442	53,1	7,29	5,97	2,7
3294,5	2279	54,3	6,98	5,77	2,54
3304,5	2306	54,8	7,13	5,91	2,58
3314,5	2311	53,9	7,02	5,78	2,57
3324,5	2427	52,8	7,2	5,89	2,68
3334,5	2543	51,8	7,39	6	2,79
3344,5	2502	52,7	7,4	6,05	2,76
3354,5	2536	51,4	7,3	5,91	2,77
3364,5	2718	50	7,6	6,09	2,95
3374,5	1242	64,7	4,61	4,02	1,47
3384,5	1323	57	4,27	3,59	1,5
3394,5	1028	59,3	3,47	2,95	1,18
3404,5	893	60	3,05	2,6	1,03
3414,5	870	63,7	3,18	2,76	1,02
3424,5	781	62,2	2,78	2,39	0,91
3434,5	843	64	3,1	2,69	1
3444,5	899	58,4	2,99	2,53	1,03
3454,5	811	62,2	2,89	2,49	0,95
3464,5	1709	50,7	4,84	3,9	1,86
3474,5	2459	50,7	6,97	5,61	2,68
3484,5	2539	49,5	7,02	5,61	2,74
3494,5	2560	50,4	7,22	5,8	2,78
3504,5	2628	50,3	7,39	5,94	2,85
3514,5	2557	51,3	7,35	5,95	2,79
3524,5	2603	51	7,42	5,99	2,84
3534,5	2636	50,5	7,44	5,99	2,86
3604,5	2331	51,9	6,78	5,51	2,56
3614,5	2321	52,5	6,84	5,59	2,56
3624,5	2435	51,6	7,04	5,71	2,67
3634,5	2653	48,5	7,16	5,68	2,85
3644,5	2385	51,9	6,95	5,65	2,62
3654,5	2430	51,6	7,03	5,7	2,66
3664,5	2359	52,3	6,93	5,65	2,6
3674,5	2411	51,7	6,98	5,66	2,64
3684,5	2401	51,9	6,99	5,68	2,63
3694,5	2352	52,5	6,93	5,65	2,59
3704,5	2559	50,1	7,16	5,75	2,77
3714,5	2628	49,6	7,27	5,82	2,84
3724,5	2514	50,6	7,11	5,72	2,73
3734,5	2453	50,7	6,96	5,61	2,67
3744,5	2542	50,3	7,14	5,74	2,76
3754,5	2486	51,6	7,19	5,83	2,72
3764,5	2489	51,7	7,21	5,85	2,73
3774,5	2493	50,7	7,08	5,71	2,71
3784,5	2452	51,3	7,04	5,7	2,68
3794,5	2360	53	7,03	5,76	2,61
3804,5	2393	52,7	7,08	5,79	2,64
3814,5	2461	51,2	7,06	5,71	2,69
3824,5	2552	50,2	7,15	5,74	2,77
3834,5	2518	51,8	7,32	5,95	2,76
3844,5	2409	53,1	7,19	5,9	2,66
3854,5	2479	52	7,23	5,88	2,72
3864,5	2509	51,7	7,28	5,91	2,75
3874,5	2507	51,9	7,3	5,93	2,75
3884,5	2499	50,9	7,11	5,74	2,72
3894,5	2441	51,9	7,1	5,77	2,68
3904,5	1712	60	5,85	4,99	1,97
3914,5	1641	56,8	5,28	4,42	1,86
3924,5	1387	61,5	4,88	4,19	1,61
3934,5	1559	57,8	5,12	4,31	1,77
3944,5	1372	64,6	5,09	4,43	1,62
3954,5	1585	57,2	5,14	4,32	1,8
3964,5	1530	60	5,23	4,46	1,76
3974,5	1637	59,6	5,56	4,73	1,88
3984,5	1835	56,7	5,89	4,94	2,07
3994,5	2102	54,8	6,5	5,39	2,35
4004,5	2814	51,5	8,12	6,58	3,08
4014,5	2717	52,3	7,97	6,5	2,99
4024,5	2706	52,5	7,97	6,51	2,98
4034,5	2662	54,3	8,15	6,73	2,96
4044,5	2616	54	7,95	6,56	2,91
4054,5	2917	51	8,33	6,73	3,18
4064,5	3058	50,2	8,58	6,89	3,32
4074,5	3288	50,7	9,32	7,51	3,58
4084,5	3313	52,9	9,85	8,06	3,66
4094,5	3499	54,2	10,68	8,81	3,89
4104,5	3619	52,4	10,65	8,69	3,98
4114,5	3168	51,5	9,15	7,42	3,47
4124,5	2975	51,4	8,57	6,95	3,25
4134,5	2748	51,7	7,96	6,46	3,01
4144,5	2909	50,4	8,19	6,59	3,16
4154,5	3050	48,9	8,31	6,61	3,28
4164,5	2821	50,7	8,01	6,46	3,07
4174,5	2738	51,6	7,92	6,42	3
4184,5	2800	50,3	7,88	6,33	3,04
4194,5	2707	49,7	7,5	6	2,93
4204,5	2629	47,8	6,98	5,5	2,8
4214,5	2862	48,4	7,71	6,1	3,07
4224,5	2636	51,8	7,65	6,21	2,89
4234,5	2674	51,9	7,78	6,33	2,93
4244,5	3019	47,4	7,95	6,24	3,21
4254,5	2691	51,4	7,75	6,28	2,94
4264,5	2621	51,9	7,63	6,2	2,88
4274,5	2713	51,2	7,78	6,29	2,96
4284,5	2710	51,2	7,77	6,29	2,96
4294,5	2668	51,4	7,68	6,22	2,92
4304,5	2706	52	7,9	6,42	2,97
4314,5	2701	51,1	7,72	6,24	2,95
4324,5	2739	50,7	7,77	6,26	2,98
4334,5	2771	49,7	7,68	6,14	3
4344,5	2784	49,6	7,71	6,16	3,01
4354,5	144116	16,7	119,3	49,12	91,82
4364,5	505549	14,6	360,77	131,06	288,4
4374,5	502468	14,7	361,27	132,03	288,01
4384,5	472631	15	345,52	128,05	274,13
4394,5	390566	15,6	300,2	115,93	234,6
4404,5	347342	16,3	278,63	111,3	214,56
4414,5	228881	17,8	203,52	88,04	151,19
4424,5	227705	17,4	197,09	83,62	148,12
4434,5	195645	17,3	167,97	70,92	126,93
4444,5	204044	17,5	177,55	75,68	133,33
4454,5	245643	17,1	207,94	86,74	157,57
4464,5	378613	15,3	284,2	107,8	224,34
4474,5	431764	15,1	318,64	119,09	252,45
4484,5	467209	14,7	334,88	122,2	267,8
4494,5	401180	15,2	299,42	112,99	236,58
4504,5	431453	15,2	320,71	120,55	253,38
4514,5	482818	15	355,22	132,26	280,97
4524,5	447250	15,2	332,41	124,88	262,41
4534,5	422530	15,4	319,37	121,64	250,79
4544,5	472477	15	347,83	129,62	275,22
