[miniDiSC java tool version 2 output file]
[Data recorded with miniDiSC SN101607 running firmware 3,42]
[File start date: 2021.09.24]
[File start time: 09:37:21]

Time	Number	Size	LDSA	Filter	Diff	
4,5	1452	25,2	1,89	1,06	1,19
14,5	1454	25,5	1,92	1,09	1,2
24,5	755	36,3	1,48	1,03	0,73
34,5	1413	25,8	1,89	1,08	1,17
44,5	1709	23,1	2,02	1,07	1,34
54,5	1735	23,3	2,08	1,11	1,37
64,5	1880	22,6	2,17	1,13	1,45
74,5	1515	25,9	2,04	1,17	1,26
84,5	1639	23,5	1,98	1,06	1,29
94,5	1974	23,3	2,36	1,26	1,55
104,5	1711	25	2,21	1,24	1,4
114,5	1502	27,3	2,14	1,27	1,28
124,5	1611	26,5	2,23	1,3	1,36
134,5	1647	27,5	2,37	1,41	1,41
144,5	1545	28,7	2,33	1,42	1,35
154,5	1573	27,6	2,27	1,35	1,35
164,5	1442	26,8	2,01	1,18	1,22
174,5	1469	26,3	2,01	1,16	1,23
184,5	1463	26,4	2,01	1,17	1,23
194,5	1493	26,3	2,04	1,18	1,25
204,5	1360	28,5	2,03	1,23	1,18
214,5	1388	26,9	1,95	1,14	1,18
224,5	1506	26,1	2,04	1,17	1,26
234,5	1526	26,2	2,08	1,2	1,28
244,5	1413	27,5	2,03	1,21	1,21
254,5	1420	26,5	1,96	1,14	1,19
264,5	1279	29,8	2,01	1,26	1,14
274,5	1218	29,6	1,9	1,18	1,08
284,5	1201	28,9	1,82	1,12	1,05
294,5	1273	27,6	1,84	1,1	1,09
304,5	1178	28,9	1,79	1,1	1,03
314,5	1195	28,9	1,82	1,11	1,05
324,5	1101	31	1,81	1,15	1
334,5	1264	26,7	1,76	1,03	1,07
344,5	1297	27,5	1,86	1,11	1,11
354,5	1300	27,8	1,89	1,13	1,12
364,5	1296	28,5	1,94	1,18	1,13
374,5	1312	28,6	1,97	1,2	1,14
384,5	1205	29	1,84	1,13	1,06
394,5	1219	29,2	1,87	1,15	1,07
404,5	1075	31	1,76	1,13	0,97
414,5	982	38,6	2,06	1,48	0,97
424,5	1090	31,6	1,83	1,18	1
434,5	1142	30,2	1,82	1,15	1,02
444,5	1177	31,6	1,98	1,28	1,08
454,5	1252	30,4	2,01	1,27	1,12
464,5	1069	33,5	1,92	1,28	1
474,5	1281	28,6	1,93	1,18	1,12
484,5	1489	28,9	2,27	1,39	1,31
494,5	1969	26,2	2,68	1,55	1,65
504,5	2008	26,2	2,74	1,58	1,68
514,5	1701	27,8	2,48	1,49	1,47
524,5	1689	29,1	2,59	1,59	1,49
534,5	1842	27	2,59	1,52	1,56
544,5	1858	26,7	2,58	1,51	1,57
554,5	2268	24,2	2,83	1,55	1,82
564,5	806	43,6	1,93	1,47	0,83
574,5	884	39,5	1,9	1,38	0,88
584,5	740	42,9	1,75	1,32	0,76
594,5	782	40	1,7	1,24	0,78
604,5	850	38,2	1,76	1,26	0,84
614,5	670	43	1,58	1,19	0,69
624,5	764	42,8	1,8	1,35	0,79
634,5	547	46,5	1,41	1,1	0,58
644,5	738	39,8	1,6	1,17	0,74
654,5	932	36,4	1,83	1,28	0,9
664,5	551	49,3	1,51	1,21	0,59
674,5	640	46,2	1,64	1,27	0,68
684,5	700	41,8	1,61	1,2	0,71
694,5	599	47,7	1,59	1,25	0,64
704,5	726	42,2	1,68	1,26	0,74
714,5	717	53,6	2,17	1,78	0,8
724,5	1200	43,2	2,85	2,15	1,24
734,5	6302	49	17,19	13,66	6,78
744,5	5813	57,2	18,84	15,82	6,59
754,5	5663	56,5	18,1	15,13	6,39
764,5	5956	56,1	18,88	15,74	6,7
774,5	5581	56,7	17,93	15,01	6,31
784,5	5009	56,7	16,09	13,47	5,66
794,5	4791	56	15,17	12,65	5,39
804,5	4886	55,3	15,27	12,68	5,47
814,5	4944	57,1	16,01	13,44	5,6
824,5	4238	56,9	13,67	11,46	4,79
834,5	4006	53,5	12,05	9,89	4,44
844,5	3685	55,8	11,63	9,69	4,14
854,5	4046	55,4	12,66	10,52	4,54
864,5	4204	53,2	12,57	10,3	4,65
874,5	4146	54,8	12,81	10,61	4,63
884,5	4269	54,8	13,2	10,93	4,77
894,5	4177	55,7	13,16	10,96	4,69
904,5	4411	53,4	13,24	10,87	4,88
914,5	4371	55	13,57	11,25	4,89
924,5	4529	53	13,49	11,04	5
934,5	5263	53,1	15,71	12,86	5,82
944,5	4932	56,1	15,65	13,05	5,55
954,5	4877	56,8	15,67	13,13	5,51
964,5	4868	56,1	15,43	12,87	5,48
974,5	4883	55	15,16	12,57	5,46
984,5	4927	54,3	15,06	12,43	5,48
994,5	4516	56,1	14,33	11,96	5,08
1004,5	4695	54,5	14,43	11,93	5,23
1014,5	5665	51,1	16,18	13,07	6,18
1024,5	5283	57,7	17,3	14,57	6,01
1034,5	5512	57,3	17,89	15,02	6,25
1044,5	5389	58,8	18,02	15,26	6,17
1054,5	4739	61,3	16,58	14,21	5,5
1064,5	4856	55,9	15,36	12,8	5,46
1074,5	2275	71,2	9,41	8,4	2,79
1084,5	934	52,5	2,75	2,25	1,03
1094,5	1015	59,8	3,46	2,95	1,17
1104,5	939	55	2,92	2,42	1,05
1114,5	1114	49,1	3,05	2,43	1,2
1124,5	1035	54,3	3,17	2,62	1,15
1134,5	1342	55,2	4,19	3,48	1,5
1144,5	1235	58,6	4,12	3,49	1,41
1154,5	1337	56,3	4,26	3,56	1,51
1164,5	2952	40,4	6,5	4,77	2,97
1174,5	3068	40,9	6,86	5,06	3,1
1184,5	2930	42,6	6,85	5,14	3,01
1194,5	2961	41,3	6,69	4,96	3
1204,5	3105	39,5	6,67	4,83	3,1
1214,5	2994	40,4	6,59	4,83	3,01
1224,5	2893	42,1	6,68	4,99	2,96
1234,5	3061	40,7	6,8	5	3,09
1244,5	2963	41,6	6,75	5,01	3,01
1254,5	3043	40,6	6,74	4,95	3,07
1264,5	3078	40,4	6,79	4,98	3,1
1274,5	3203	39,7	6,92	5,03	3,2
1284,5	3073	40,2	6,74	4,93	3,09
1294,5	2904	41,4	6,58	4,88	2,95
1304,5	2925	42,6	6,83	5,13	3
1314,5	3141	40,2	6,88	5,03	3,16
1324,5	3344	37,7	6,83	4,85	3,28
1334,5	3525	36,8	7	4,9	3,42
1344,5	3542	35,8	6,82	4,71	3,4
1354,5	3340	37,8	6,83	4,85	3,28
1364,5	3102	40,9	6,93	5,11	3,14
1374,5	3028	41,2	6,81	5,04	3,07
1384,5	3163	38,8	6,66	4,79	3,14
1394,5	2734	43	6,47	4,88	2,82
1404,5	3137	40,9	7,01	5,17	3,17
1414,5	3254	38,8	6,86	4,94	3,23
1424,5	3357	39	7,11	5,12	3,33
1434,5	3367	38,7	7,08	5,09	3,34
1444,5	3750	35,9	7,24	5,01	3,61
1454,5	3312	38,8	6,98	5,02	3,28
1464,5	3482	37,2	7,01	4,94	3,4
1474,5	3364	38,7	7,07	5,08	3,33
1484,5	3224	39,6	6,94	5,04	3,22
1494,5	3287	39,6	7,09	5,15	3,28
1504,5	3299	39,4	7,07	5,13	3,29
1514,5	3148	40,5	6,95	5,1	3,17
1524,5	3734	38,8	7,87	5,66	3,7
1534,5	3741	38,5	7,83	5,61	3,7
1544,5	3889	38,2	8,05	5,75	3,83
1554,5	3606	39,2	7,69	5,56	3,59
1564,5	3595	38,8	7,58	5,45	3,57
1574,5	3785	38,2	7,83	5,59	3,73
1584,5	2711	50,9	7,73	6,24	2,96
1594,5	2230	57,9	7,33	6,18	2,54
1604,5	2309	55,3	7,2	5,99	2,59
1614,5	1907	61,2	6,67	5,72	2,21
1624,5	1795	60,8	6,23	5,33	2,08
1634,5	1694	63,3	6,15	5,33	1,99
1644,5	1983	56	6,29	5,25	2,23
1654,5	1728	62,8	6,21	5,37	2,02
1664,5	2094	55,8	6,61	5,51	2,35
1674,5	3697	39,8	8,01	5,83	3,7
1684,5	4185	37,5	8,49	6,01	4,1
1694,5	3849	39,4	8,25	5,98	3,84
1704,5	3678	39,1	7,81	5,64	3,66
1714,5	3676	37,2	7,39	5,21	3,59
1724,5	3813	37,8	7,8	5,54	3,74
1734,5	3783	40,2	8,29	6,07	3,8
1744,5	3709	40,1	8,11	5,93	3,72
1754,5	3776	39,9	8,21	5,99	3,78
1764,5	3487	40	7,6	5,54	3,5
1774,5	3611	39	7,65	5,52	3,59
1784,5	3667	38,3	7,62	5,45	3,62
1794,5	3664	38,1	7,57	5,4	3,61
1804,5	3641	39	7,71	5,56	3,62
1814,5	3668	39,6	7,91	5,75	3,67
1824,5	3642	39,1	7,74	5,59	3,62
1834,5	3615	39,3	7,73	5,6	3,6
1844,5	3658	39,7	7,9	5,75	3,66
1854,5	3598	39,8	7,81	5,69	3,6
1864,5	3382	41,5	7,67	5,69	3,44
1874,5	3427	40,1	7,49	5,47	3,44
1884,5	3249	41,7	7,43	5,53	3,31
1894,5	3424	39,9	7,44	5,42	3,43
1904,5	3516	39,9	7,65	5,58	3,52
1914,5	3345	41,8	7,66	5,71	3,41
1924,5	3279	41,4	7,42	5,5	3,33
1934,5	3434	39,3	7,33	5,3	3,42
1944,5	3441	39,1	7,32	5,28	3,42
1954,5	3577	39,2	7,62	5,5	3,56
1964,5	3410	40,1	7,45	5,44	3,42
1974,5	3422	39,8	7,42	5,4	3,43
1984,5	3335	40,8	7,44	5,48	3,37
1994,5	3592	38,9	7,58	5,46	3,56
2004,5	3475	40,6	7,69	5,65	3,5
2014,5	3518	39,5	7,56	5,48	3,51
2024,5	3423	40,2	7,51	5,49	3,44
2034,5	3430	39,8	7,43	5,41	3,43
2044,5	3407	39,9	7,4	5,4	3,41
2054,5	3366	40,1	7,36	5,38	3,38
2064,5	1912	56,1	6,06	5,06	2,15
2074,5	1716	58,1	5,66	4,78	1,96
2084,5	1852	55,4	5,79	4,81	2,08
2094,5	1626	60,8	5,65	4,83	1,88
2104,5	1664	61,5	5,85	5,02	1,94
2114,5	1483	64,9	5,54	4,83	1,76
2124,5	1621	59,2	5,46	4,64	1,86
2134,5	1637	57,7	5,36	4,52	1,86
2144,5	1560	58,8	5,22	4,42	1,79
2154,5	1587	55,5	4,97	4,14	1,78
2164,5	4180	27,1	5,9	3,48	3,55
2174,5	4012	26,9	5,64	3,31	3,4
2184,5	3987	27,9	5,82	3,49	3,43
2194,5	3910	28,7	5,89	3,6	3,42
2204,5	3108	30,9	5,09	3,25	2,81
2214,5	3439	29,1	5,26	3,23	3,02
2224,5	3287	29,8	5,17	3,23	2,92
2234,5	3207	29,2	4,93	3,04	2,82
2244,5	3004	29,8	4,73	2,96	2,67
2254,5	2895	30	4,59	2,88	2,58
2264,5	2727	30,3	4,37	2,76	2,44
2274,5	3041	27,8	4,42	2,65	2,62
2284,5	3283	27	4,63	2,73	2,79
2294,5	3753	25,4	4,94	2,79	3,09
2304,5	3865	24,7	4,94	2,75	3,14
2314,5	4013	24,2	5,01	2,74	3,22
2324,5	3676	25	4,75	2,65	3
2334,5	3503	24,9	4,52	2,52	2,85
2344,5	3458	25,7	4,62	2,63	2,86
2354,5	3200	26,4	4,4	2,55	2,69
2364,5	3228	26,4	4,44	2,58	2,71
2374,5	2866	27	4,03	2,37	2,43
2384,5	2680	27,9	3,91	2,35	2,31
2394,5	2614	27,5	3,76	2,24	2,24
2404,5	2826	26,5	3,91	2,27	2,38
2414,5	2771	26,3	3,79	2,19	2,32
2424,5	2754	26,6	3,82	2,23	2,32
2434,5	2586	27,2	3,68	2,17	2,2
2444,5	2560	26,4	3,52	2,04	2,15
2454,5	2572	26,5	3,55	2,06	2,16
2464,5	2334	28,4	3,47	2,11	2,03
2474,5	2460	28	3,6	2,17	2,12
2484,5	2463	29,7	3,85	2,4	2,19
2494,5	2574	32,2	4,42	2,89	2,37
2504,5	2595	32,5	4,5	2,95	2,4
2514,5	2495	32,5	4,32	2,84	2,31
2524,5	2527	31,8	4,28	2,77	2,31
2534,5	2310	31,9	3,92	2,54	2,12
2544,5	2376	30,7	3,86	2,45	2,14
2554,5	2279	31,8	3,85	2,5	2,09
2564,5	1466	49,3	4,03	3,22	1,58
2574,5	864	66,6	3,32	2,92	1,04
2584,5	962	62,1	3,42	2,94	1,12
2594,5	911	60,7	3,16	2,7	1,05
2604,5	814	61,7	2,87	2,47	0,95
2614,5	797	60,2	2,74	2,34	0,92
2624,5	855	55,6	2,69	2,24	0,96
2634,5	883	55,3	2,76	2,3	0,99
2644,5	890	57	2,88	2,41	1,01
2654,5	910	60,1	3,12	2,66	1,05
2664,5	1021	53	3,04	2,49	1,13
2674,5	1028	51,6	2,97	2,41	1,13
2684,5	929	55,1	2,89	2,4	1,04
2694,5	925	57,2	3	2,52	1,05
2704,5	1342	52,7	3,97	3,25	1,48
2714,5	2646	49,2	7,26	5,79	2,85
2724,5	2530	52,9	7,51	6,15	2,79
2734,5	5705	48,5	15,39	12,19	6,11
2744,5	4718	61,5	16,56	14,21	5,48
2754,5	4149	56,2	13,19	11,02	4,67
2764,5	3245	59,9	11,07	9,43	3,74
2774,5	3384	56,4	10,8	9,03	3,82
2784,5	3254	55,9	10,28	8,57	3,66
2794,5	2789	57,5	9,09	7,65	3,17
2804,5	2732	53	8,13	6,66	3,02
2814,5	2828	53,5	8,51	6,99	3,13
2824,5	2685	55,2	8,37	6,95	3,01
2834,5	2766	53,5	8,32	6,84	3,07
2844,5	2516	54,9	7,79	6,45	2,81
2854,5	2580	52,3	7,57	6,17	2,84
2864,5	2487	52,1	7,26	5,91	2,73
2874,5	2672	54,1	8,14	6,72	2,97
2884,5	2430	52,1	7,11	5,79	2,67
2894,5	2132	57,2	6,91	5,8	2,42
2904,5	2251	55,8	7,1	5,92	2,53
2914,5	2205	57,9	7,25	6,12	2,51
2924,5	2263	57,6	7,4	6,23	2,57
2934,5	2484	54,9	7,69	6,37	2,78
2944,5	2507	55,6	7,88	6,56	2,82
2954,5	2304	55,9	7,27	6,07	2,59
2964,5	2230	54,1	6,79	5,6	2,48
2974,5	2276	52,5	6,71	5,47	2,51
2984,5	2272	51,7	6,59	5,35	2,49
2994,5	2164	53,6	6,53	5,37	2,4
3004,5	2503	48,6	6,77	5,37	2,69
3014,5	2348	52,6	6,94	5,67	2,59
3024,5	2242	52,5	6,61	5,39	2,47
3034,5	2831	44,6	6,96	5,33	2,95
3044,5	2322	51,8	6,75	5,49	2,55
3054,5	2293	54,3	7,01	5,79	2,55
3064,5	2738	46,5	7,05	5,5	2,89
3074,5	2019	50,8	5,74	4,63	2,2
3084,5	1430	57,5	4,66	3,92	1,62
3094,5	1519	57,1	4,92	4,13	1,72
3104,5	1478	58,7	4,93	4,18	1,69
3114,5	1563	55,5	4,9	4,08	1,75
3124,5	1445	59,6	4,9	4,17	1,66
3134,5	1369	62	4,85	4,18	1,6
3144,5	1495	56,8	4,81	4,04	1,69
3154,5	1608	57,2	5,21	4,38	1,82
3164,5	2538	54,7	7,83	6,48	2,83
3174,5	2468	54,9	7,64	6,33	2,76
3184,5	2404	58,4	7,98	6,75	2,74
3194,5	2423	55,4	7,58	6,3	2,72
3204,5	2463	56,2	7,83	6,54	2,77
3214,5	2535	55,4	7,92	6,59	2,84
3224,5	2524	54,9	7,81	6,48	2,82
3234,5	2325	58,3	7,7	6,51	2,65
3244,5	2461	57,7	8,06	6,79	2,8
3254,5	2384	59,5	8,07	6,87	2,74
3264,5	2427	55,2	7,56	6,28	2,72
3274,5	2459	53,4	7,38	6,06	2,72
3284,5	2599	53,4	7,81	6,42	2,88
3294,5	2569	52,2	7,53	6,13	2,82
3304,5	2373	54	7,22	5,95	2,64
3314,5	2413	51,9	7,03	5,71	2,65
3324,5	2498	51,6	7,22	5,86	2,73
3334,5	2481	51,7	7,18	5,83	2,72
3344,5	2481	51,9	7,22	5,87	2,72
3354,5	2320	54,2	7,08	5,84	2,58
3364,5	2581	47,8	6,85	5,4	2,75
3374,5	2413	51,1	6,91	5,59	2,63
3384,5	2361	51,5	6,81	5,52	2,58
3394,5	2308	55,5	7,24	6,02	2,59
3404,5	2203	54,9	6,82	5,65	2,46
3414,5	2143	56,3	6,82	5,7	2,42
3424,5	2240	53,5	6,74	5,54	2,48
3434,5	2718	49,7	7,54	6,03	2,94
3444,5	2801	46,4	7,21	5,61	2,96
3454,5	2490	51,8	7,24	5,88	2,73
3464,5	2649	51,8	7,69	6,25	2,9
3474,5	2920	47,1	7,62	5,97	3,1
3484,5	2767	47	7,22	5,65	2,94
3494,5	2635	50,5	7,44	5,99	2,86
3504,5	2657	50,5	7,5	6,04	2,89
3514,5	2612	50	7,29	5,85	2,83
3524,5	2718	48,4	7,32	5,8	2,91
3534,5	2781	49,8	7,73	6,19	3,01
3604,5	822	74,6	3,58	3,23	1,03
3614,5	961	65,7	3,63	3,18	1,14
3624,5	961	66,2	3,66	3,21	1,15
3634,5	1673	53,7	5,06	4,16	1,86
3644,5	2378	49,7	6,6	5,29	2,57
3654,5	2358	50,4	6,64	5,34	2,56
3664,5	2382	50,5	6,72	5,41	2,59
3674,5	2410	53	7,17	5,87	2,66
3684,5	2348	53,4	7,05	5,79	2,6
3694,5	2230	51,6	6,45	5,23	2,44
3704,5	2284	53,3	6,84	5,61	2,53
3714,5	2246	53,8	6,8	5,6	2,49
3724,5	2286	52,8	6,78	5,54	2,52
3734,5	2367	52,4	6,96	5,68	2,61
3744,5	2188	55,3	6,83	5,67	2,45
3754,5	2386	52,9	7,09	5,8	2,63
3764,5	2349	53,9	7,13	5,87	2,61
3774,5	2387	52,2	6,99	5,69	2,62
3784,5	2222	54,6	6,84	5,66	2,48
3794,5	2545	50,8	7,23	5,84	2,77
3804,5	2401	54,9	7,44	6,17	2,68
3814,5	2496	54,1	7,6	6,27	2,78
3824,5	2547	53,6	7,68	6,31	2,82
3834,5	2451	55,3	7,65	6,36	2,75
3844,5	2429	54,3	7,43	6,13	2,71
3854,5	2448	54,2	7,48	6,17	2,72
3864,5	2413	54,6	7,43	6,15	2,69
3874,5	2567	52,4	7,55	6,16	2,83
3884,5	2519	53,6	7,6	6,25	2,79
3894,5	2521	53,3	7,56	6,21	2,79
3904,5	2748	50,2	7,7	6,18	2,98
3914,5	2791	53,2	8,35	6,85	3,09
3924,5	2897	50,9	8,25	6,66	3,16
3934,5	2468	53,2	7,38	6,05	2,73
3944,5	2547	52,1	7,44	6,06	2,8
3954,5	2450	54,2	7,48	6,17	2,73
3964,5	2644	55	8,2	6,8	2,96
3974,5	2866	53,8	8,67	7,14	3,18
3984,5	2635	53,4	7,91	6,49	2,92
3994,5	2563	54,4	7,86	6,5	2,86
4004,5	2858	51,7	8,28	6,72	3,13
4014,5	2728	52,1	7,98	6,49	3
4024,5	2723	52,4	8	6,53	3
4034,5	2515	54,5	7,73	6,39	2,8
4044,5	2704	53,3	8,11	6,66	2,99
4054,5	2843	52,5	8,38	6,84	3,13
4064,5	2568	54,5	7,9	6,53	2,86
4074,5	1544	65,4	5,81	5,08	1,84
4084,5	532	78,3	2,44	2,23	0,68
4094,5	557	73,6	2,39	2,15	0,69
4104,5	643	66,3	2,46	2,15	0,77
4114,5	550	75,9	2,44	2,21	0,69
4124,5	714	58,5	2,38	2,01	0,82
4134,5	810	54,5	2,49	2,06	0,9
4144,5	626	68,5	2,48	2,2	0,76
4154,5	567	74,9	2,48	2,24	0,71
4164,5	1175	56,9	3,79	3,18	1,33
4174,5	2482	55,6	7,8	6,49	2,79
4184,5	2333	57,9	7,67	6,47	2,66
4194,5	2351	58,3	7,78	6,58	2,68
4204,5	2278	59	7,65	6,49	2,61
4214,5	2277	58,6	7,59	6,42	2,6
4224,5	2188	60,4	7,53	6,44	2,53
4234,5	2158	59,8	7,36	6,27	2,49
4244,5	2083	60	7,12	6,07	2,4
4254,5	2075	60,7	7,19	6,15	2,4
4264,5	2266	55,5	7,11	5,91	2,54
4274,5	2115	59,7	7,19	6,12	2,43
4284,5	1984	60,4	6,83	5,84	2,29
4294,5	2049	58,6	6,82	5,77	2,34
4304,5	2111	57,7	6,91	5,82	2,4
4314,5	2113	59	7,09	6,02	2,42
4324,5	2310	57	7,46	6,26	2,62
4334,5	2329	54,2	7,12	5,88	2,59
4344,5	2413	55,4	7,56	6,28	2,71
4354,5	2291	58,1	7,56	6,39	2,61
4364,5	2378	55,9	7,52	6,27	2,67
4374,5	2352	57,3	7,65	6,43	2,67
4384,5	2467	57,5	8,04	6,77	2,8
4394,5	2677	55,2	8,34	6,93	3
4404,5	2810	54,9	8,7	7,21	3,14
4414,5	3566	52,9	10,59	8,67	3,94
4424,5	3059	57	9,88	8,29	3,46
4434,5	3085	54	9,37	7,72	3,43
4444,5	3734	45,6	9,41	7,28	3,92
4454,5	5854	30,1	9,29	5,83	5,22
4464,5	6209	27,7	8,99	5,37	5,33
4474,5	7483	24,5	9,46	5,22	6,04
4484,5	8651	25,2	11,31	6,36	7,09
4494,5	3055	28,9	4,64	2,85	2,68
4504,5	5536	20,9	5,88	2,9	4,09
4514,5	4324	22,5	4,98	2,6	3,34
